review_id,order_id,review_score,review_comment_title,review_comment_message,review_creation_date,review_answer_timestamp
e64fb393e7b32834bb789ff8bb30750e,658677c97b385a9be170737859d3511b,5,,Recebi bem antes do prazo estipulado.,2017-04-21 00:00:00,2017-04-21 22:02:06
2685a4800004a12ec09d27264ff1915f,5c973d2b4652e1dec15353b59339f3b4,5,,Recomendo a todos os clientes,2016-10-22 00:00:00,2016-10-26 17:47:19
ab296dbde37f94824e4290893c67f917,163dbb9a9e122705518ab2735e1c6008,5,,,2018-04-22 00:00:00,2018-04-24 18:35:52
3ed2fb4d3cc7862bfa63bc388fe9435f,fa77b4aa91c0a9f2bc533e0dc380d9c2,4,,,2018-08-11 00:00:00,2018-08-13 13:48:01
678e365210564367e0492d100b977f0b,496b982d1f2a1315fcbf81ae2fed02a4,5,,,2017-06-07 00:00:00,2017-06-09 19:26:56
0185df4755be7045d22b951fba4a4b58,e5700a52207ef266413e9f43a7b0d5f6,5,,,2018-08-24 00:00:00,2018-08-26 22:08:46
4ab6671319156f978e972e2ac2c48ad8,897fab0704eda65c69520010b02a3fee,4,,,2018-05-19 00:00:00,2018-05-21 12:29:51
dc92cf357f5eb4d61b6a95fed53d17e1,c277dea251cfd74bf121060769a7135a,5,,Entrega bem antes do prazo perfeito!!,2018-08-14 00:00:00,2018-08-15 17:18:14
72d7f0156c76c07c3dc9f9e04bf543d9,3dd70a36f5f41e56af19f4948fdc0745,4,,,2018-01-13 00:00:00,2018-01-16 11:36:32
957011305e7a4b6c8a266eeeb8e0316d,54b4da510fed5dc3cf3e7a8e50a5f224,4,,,2018-03-10 00:00:00,2018-03-10 23:35:51
a6bc40c95bd18c5647ec3730af377433,6649d935be7a1df58b2dc3754fb17379,5,,,2017-08-02 00:00:00,2017-08-03 13:55:16
645e0b533dd83397a07db50af11b3fff,359dfdef7cf4ed1003c2a0463eb431ba,5,,,2018-08-09 00:00:00,2018-08-12 01:43:29
505a882ba08a689682a4afc6eb4e5965,1c308eca3f339414a92e518e2a2e5ee9,2,,,2017-12-28 00:00:00,2017-12-31 20:25:02
a0f06329e17ec2ed630c056bbdefdb90,6e7c58476aeeb4f0a2313cdd43477570,5,,,2017-07-26 00:00:00,2017-07-31 15:38:08
b66f1f980a4832698b613bcce72bb779,0de5dbc9f3226761687d84b54057efba,4,,"Ótima compra. Ótimo produto. Só senti falta de algum comunicado entre a compra e a chegada do produto, só contato. Mas valeu.",2017-08-29 00:00:00,2017-08-30 01:38:53
c374da82d5c67281544168e3cfb22be3,73bf036e9d518e060d6f766d816483cb,5,,"Otimo, preço, entregou antes do prazo e produto de ótima qualidade.
",2018-03-22 00:00:00,2018-03-22 21:32:12
30b54835fe8c1a326303cafbed4d189f,838eddbec488679c7db905429c5163f7,5,,,2018-05-24 00:00:00,2018-05-24 14:13:48
2cc3122c7a438a1e2b38cfe2b309c401,fe4ee6f5250415b2264eac9693949e2f,5,,,2018-02-16 00:00:00,2018-02-19 17:53:53
9e7431393db15c66d3441e13b69845b4,b599b60a3fa09e7a4003eb264aa99a07,5,,,2017-10-15 01:00:00,2017-10-16 01:36:43
13af9d6501d608374c69d002c6b37ce1,290d464dc4d780ddcd120552cf21c640,5,,entrega rapida,2017-09-30 00:00:00,2017-10-03 12:25:06
bc50b08a79b2f5729c815cf3c3d2ba39,0713f1dd3cdb0f62e71d9a1f01c2bc0b,5,,,2017-08-11 00:00:00,2017-08-12 00:11:06
05c968cc75440c647f58e6bfe1ee15bb,27a7ac440630f9de788e4d66e72c6424,4,,,2017-05-03 00:00:00,2017-05-04 01:11:07
87b877372ded0fe3bb0a5701e9291005,9ab7e83865799ba29a85d51263a137cd,5,,,2018-05-12 00:00:00,2018-05-16 06:30:04
8fab6f3f76f51208efe7f36c23734369,bdd388b78e095998453503c63b83e280,5,,,2017-12-05 00:00:00,2017-12-05 20:56:14
c231a7912afb5ece647e5ba06805b3da,d2f4bbcf8e2d36f9e13fba6a75c7269a,5,,"Muito Bom , exelente",2018-03-30 00:00:00,2018-03-30 14:40:52
3581da46127f3ddd55a8c645fb97109c,6b4063646aa51aca70fd0c745ded2155,5,,,2018-02-17 00:00:00,2018-02-17 21:37:56
4d26fa37a1e5d23b0d477f2c080a69c3,5eee79207209ec0e102581f289e2a6db,1,,"Boa tarde! 
Tive problemas com meu pedido sim! 
Veio o mosqueteiro errado. 
Pedi um de tamanho Queen, que arrastasse até o chão e com o círculo em cima bem grande. Veio pequeno de cama de casal nor",2018-01-14 00:00:00,2018-01-17 16:40:38
1c036db1a8f4f0b4a900e227cd87383d,fcc0c3371e0af4947b6b4c013ecc6e35,4,,O produto chegou conforme anunciado. Gostei.,2018-02-03 00:00:00,2018-02-03 22:38:34
8adaa7d1f033a89f30ea7ab88182764b,6f3bcb56b24abe9303122deb9ab78295,5,,,2017-06-08 00:00:00,2017-06-11 12:32:01
55ca7c477480ed3355aa48d35e4c8128,dfe489c4a4bbe366cd2217b8503d206b,5,,,2017-12-13 00:00:00,2017-12-17 23:28:09
0cfbae37fe8a71519696f3589a4050bb,800e1eb8758f73d800f1a4c6fbad186b,1,,"Recebi apenas 1 detector de metal e a compra foram de 2 unidades. Como podemos resolver isso?
Aguardo orientações.
",2018-03-14 00:00:00,2018-03-15 11:57:51
ffba674dbbc0250e36889712458d81f3,f3c7f31502a61f206c30c674a4ada401,1,,Vcs tá deixando a desejar comprei produtos com vcs e vcs demora entregar e ainda cancela o pedido sem autorização ,2017-06-11 00:00:00,2017-06-20 00:22:07
a2f5682d3a0e84dfee20d6d69c4a5452,0b8dbb26699a171be239666299d2174f,4,,,2017-03-29 00:00:00,2017-04-04 11:18:39
4c473561a45ac9ea4ccf3868ffb8a75f,f82746601c1969d00d63e14a786f322d,5,Ok,Mercadoria conforme foi pedido. Chegou antes do prazo. Recomendo!,2018-08-30 00:00:00,2018-08-31 01:55:05
a15fe0724eabf59b8abe61354c8c1c9c,a68f7b681559723c84a5a758d62be473,4,,"Bom, a resma chegou muitobem embalada, dentro do prazo e afora vamos testar para verificar a qualidade do papel.",2017-04-11 00:00:00,2017-04-12 02:22:21
6f4bf5dbef6e28551038b54100560a4e,787590b924b0ef0a1da6164beb46a05d,3,,,2018-08-18 00:00:00,2018-09-15 00:53:25
20b37cf03df493a53443f4e2d59f4788,364ea3582bbe134bec58a6e192aa6390,5,,,2018-07-01 00:00:00,2018-07-01 14:26:45
f2443dba3712367285105aeab6c2d89f,11b2c36a481a4272681684f4b09ffabe,5,,parabenizo pela qualidade do produto e pontualidade na entrega..,2018-08-10 00:00:00,2018-08-17 11:26:10
d1e7de71d02ce65bb1cc80e57b732c77,75769af508ae5e105845b3b4813fa07a,5,,Bom,2017-05-28 00:00:00,2017-05-29 09:34:57
668fcfc39b15a8751fd9f9c3721c6533,a0d3b62390e72dcfd8fc6b29c1af0061,5,´´Otimo,Muito obrigada,2018-08-18 00:00:00,2018-09-10 16:59:46
ecd30ad71b1a6be967f483f490915fb1,a5a854651cfe0d8da9f1669266fd4063,1,Você paga 2 e recebe 1,"ROUBO! Na nota fiscal são 2 unidades mas no embrulho vem apenas UMA.
Querem cobrar sem entregar?",2018-05-15 00:00:00,2018-05-16 01:04:52
8b966e3d0515ad0d17b1f925a70f890c,261e71d2349c713eafa9f3df5972b95d,5,,Excelente.,2018-01-31 00:00:00,2018-02-02 22:37:57
f02d6b5f490416cabfaec3866e384f48,ed82d3384df9ca70bcd946e63d8d172b,5,,,2018-03-27 00:00:00,2018-03-28 00:36:47
8ea6704aa2159a173d862db54016e6e1,016e4acfc34b9f2abc69795f47c92f0e,5,,,2017-09-19 00:00:00,2017-09-21 22:00:26
ead0364e543d441220bb7d9112692e05,2d9ae61d3fc718533956b7efca0d632c,5,,entregue bem embalado,2017-12-08 00:00:00,2017-12-08 23:43:28
7629603f1f362dd403eb621d7653c896,63ac66255bb4562cd506681eb19c5be4,5,,,2018-08-11 00:00:00,2018-08-11 22:35:03
f03ce36bcc7f29ebefdf0c98fedb7f62,64930a85c555750a1f71af3d49b0c54b,5,,Ótimo,2018-05-17 00:00:00,2018-05-20 21:51:49
36568526783710016d81500f42891713,b769eb33d511dc1b52b8c6d45522a101,4,,,2018-02-16 00:00:00,2018-02-20 13:48:21
ad9c0f88b2030e4f455da61419d8a74c,7741a0c0ccbb42c74fb27c570c7e5354,5,,,2018-03-17 00:00:00,2018-03-20 00:45:03
ebbc1cf5b811e7a6eb5032d0a05b039a,943980abcbc522eb49346398ee2594b4,5,,,2018-04-06 00:00:00,2018-04-06 19:37:47
6f64dec3ab5e638053c1a1d6e2c7e204,4f39a9f31c5a7d46ecfc92571700a6f9,5,,Chegou em perfeito estado e antes do prazo previsto. Obrigada pela rapidez. ,2017-07-21 00:00:00,2017-07-22 14:19:26
691061fb232d6a7d464ad232d5405945,2b28c958aceae6cdb1ba4ad008963b78,5,,Muito boa reforçada! Como de costume chegou bem antes do previsto!Muito satisfeita!,2017-05-11 00:00:00,2017-05-20 01:39:28
ea316fe3d24e401a0926b4bde8a548c2,07dee0f0916a444098de4beea749c5e5,5,,,2018-02-20 00:00:00,2018-02-21 10:18:41
612259cf2166d59f2ad2a009a059989c,7053640a1ecbbfb050910ab2ea8b2183,5,,,2017-09-14 00:00:00,2017-09-18 23:28:15
2b2c2c34b75e2b8c539ba0e9dee7e500,b5c4f14a0dee74d81b66f57da41ef77c,5,,,2018-05-24 00:00:00,2018-05-24 22:15:36
87376e39ea1a257092062034e720c190,b9a9e9876a24264089b78553266b219f,5,,,2018-01-20 00:00:00,2018-01-23 12:04:32
3ee73291305a46b3000317df81f7c1d6,1095806f851129963474b5f20d6520fd,1,,Falta de respeito resumi meus sentimentos em relação a vcs ,2017-03-24 00:00:00,2017-03-25 23:20:20
395ca668459a789b3f478ac8cedf7acb,f0a3681de8bc46b204500087357b2a89,3,,Produto aparentemente bom.,2018-02-17 00:00:00,2018-02-17 22:05:06
c68679128bce3a50624ea15de13f737c,586c7a332a49228779ba40068cfeefb3,4,Bom,"Paguei pelo
Que comprei ",2018-05-16 00:00:00,2018-05-16 23:47:05
437c19678ab8edd61c94ae452e470782,6d2f1e2a36b2d36d4e4c626750224b9b,3,,,2017-12-16 00:00:00,2017-12-17 02:12:49
e2af094d930fb1a5e8eee10dd6202e41,1ffb9dc91fdfd3d86671c5dc2a94dab1,5,,"Muito boa a entrega e no tempo certo, valeu a pena!",2017-05-27 00:00:00,2017-05-27 23:01:03
43c6bdf0c7d9b8e862bcbf937ad14d8b,eef276c7d2a8add364316e714f060623,5,,Ótimo ,2018-02-01 00:00:00,2018-02-02 09:41:08
535d4c13e60a114bd0a7d1f207fc0126,741653b1b2d0d37c62f1a1f90e93f02d,5,Bom,,2018-07-03 00:00:00,2018-07-03 20:01:56
0fdae4217dbc10b5d6c9c337478d7134,b57278e94a17f53f5a91bb0aab49c397,2,,,2017-04-08 00:00:00,2017-04-08 07:40:52
a4fe817c9761110372e116f17171dc67,dfa89510eb5c9e15b363ec8395e702c1,4,,,2018-01-13 00:00:00,2018-01-13 22:36:23
5421f52bbdc627d8b64334c4baca28df,3cb36784c17acb3eca55ded497da243d,5,,,2017-10-29 00:00:00,2017-10-29 19:19:50
a2a12b62bd3236500a244d5062652109,25d0455ca29c6f58e491a90065954af0,5,,Nota 1000,2018-01-18 00:00:00,2018-01-20 09:05:48
9795b5fb0094ddd06f7688dab1f5bb26,83fb83d45702e06d5d5ddbcfd0b8d2a0,1,NÃO COMPREM COM A LOJA ,Fiz o pedido em 30-04-2018 e paguei no mesmo dia o valor do produto. É até hoje 09-06-2018 (mais de um mês) não chegou o produto em minha residência. Vou ter que acionar o órgão competente.,2018-06-09 00:00:00,2018-06-09 13:50:31
9b96c3b8111dfaf0ffc68f00e46f6edf,fc1d4a8adb62b480c591455600955b2f,5,Ótimo,,2018-05-05 00:00:00,2018-05-07 19:31:19
842bf7ea10133424e1971c61756b22b9,562076d60c251c77097429565cbec0de,5,,,2018-03-18 00:00:00,2018-03-22 19:55:07
bdabc1d3f30672a89459da6c76eafb5c,05c12734a5d14a9b9528b3eb84f30e50,5,,,2017-06-03 00:00:00,2017-06-03 23:44:41
85118bbe719b29ed1d61c390de4fc190,e37e8b2274cafef8334e4f7f8e2eda80,4,,,2017-10-28 00:00:00,2017-10-28 20:14:39
b0896253d84ae44692386c99fed4197d,4618b886260f174ba97bd9a7b81b01a5,5,,,2017-12-16 00:00:00,2017-12-18 12:13:42
4048b81e0de31798b68dcdb9bdf63bb0,333977327b5c548879a21a3b1fc87c48,1,,Quero meu dinheiro de volta ,2018-04-05 00:00:00,2018-04-07 16:34:58
1953c81fa6607c2b3692cebd74301739,ce9ab4cfbb50936abf90ef14408b41c7,5,,Ótima ,2017-05-14 00:00:00,2017-05-14 21:13:05
0740b5195e24d11d9306b88e125550be,1f448aec779fffc0060134f9c1c19370,4,,,2017-12-07 00:00:00,2017-12-07 06:49:55
c4f40e9c51c737655afb34e61657285f,f2af7540e2b81731609d138b17191794,5,Muito bom,Ótimo ,2018-07-08 00:00:00,2018-07-11 01:36:27
222add18e4a999c6ec46c4235a0aa18d,707f34ee0f8e9986054ee1c01868dc9e,1,,,2017-04-21 00:00:00,2017-04-21 21:37:34
f2501442c9410fc8af7cb8d293877820,02b8c16664d3c254052472397ae6d244,4,,muito bom,2017-08-25 00:00:00,2017-08-28 10:51:20
6f233dbfbb701b1277c83c540bb04022,c0c079ac0cf555703f5980f134cf762f,3,,BOA COMPRA. ,2017-12-29 00:00:00,2018-01-02 12:29:54
2fbea3a039ed09b955db5e715c132f33,dbe5b409519c5dfb85b5b0955913e5af,5,Produto conforme anunciad,Recomendo lugar seguro para compras,2018-04-26 00:00:00,2018-04-26 22:15:31
6833c21945cec2af57777e68f1a763d2,1b737f58cb00f95d1513899b6e637eba,5,,,2017-10-17 00:00:00,2017-10-18 20:41:04
47b0a29225e4787c32531415ad96ed34,24f926887373bfb98b4f309ecabab893,5,,"Entrega rápida antes do prazo, recomendo! ",2017-07-11 00:00:00,2017-07-12 00:12:22
1b444f947865b8a025fbb41f75f62110,04a0e5cbdfc606ebca72c5b78caf81fe,5,,"Gostaria que criassem uma forma de entrega, melhor, pois pelo Sedex temos que retirar nos correios ,e a mesma fica muito longe de minha residência,no mas o produto é perfeito
",2018-01-31 00:00:00,2018-02-06 01:45:15
92f87bc8d53065843c92b31ccb714d9d,819cee97d3d5daa9991a8ffda20fc62c,5,,,2018-03-14 00:00:00,2018-03-15 02:24:48
86d7e904e3b9d66b1c22b05e8d458b41,a7b1a54a2b2cf96cfabf303fccafbc3e,5,Ótimo produto ,Rápido na entrega. Produto de boa qualidade,2018-05-19 00:00:00,2018-05-22 11:30:14
064f091305fe54dfdf64e3a4e18bb811,e37cbc5ed765e289a3bcb33581cac511,5,,,2017-03-11 00:00:00,2017-03-12 13:02:28
dd66b959b84c08e20ee374148ebc46e5,b1a000260e2f3760e5ec18566db7d592,4,,,2017-06-30 00:00:00,2017-06-30 23:24:37
0a7a21ecaa58c88d57b808539634a444,72add4bd00723dddd208bfd31cdfe97b,2,, faltando o meu produto é um guarda roupa e veio faltando o fundo de uma gaveta.,2018-01-10 00:00:00,2018-01-15 23:24:51
be21ebfafd58d81ad2adba9c1ebdb181,8e36e939fc7a7d7c54d2dfec4e37190c,4,,,2017-03-14 00:00:00,2017-03-24 00:28:36
e823063c84218ee2832b2d477c4f7a79,5864382447def49f38f45e63da084b3b,5,Recomendo. muito bom,,2018-05-15 00:00:00,2018-05-16 19:24:45
24655af19012f21f726150f7f6dded98,3a23294a91e71ba11196b90c9e51d44d,4,,,2017-06-20 00:00:00,2017-06-20 19:28:45
93627ba62360e42a7a75ca89d97738d9,eb2e026bae01f340ff4c0cc9aad6aecd,4,,,2017-07-19 00:00:00,2017-07-19 19:58:54
4d132fb703371931d448548ec68ae90d,0597a201736db0915eac0e92b5e0f6d9,5,,,2017-10-17 00:00:00,2017-10-18 08:51:44
d7981244c67fd60843628a3eecdf1fca,f393b5ab60dfcc6d8c8000240a1a230f,2,,,2018-01-05 00:00:00,2018-01-06 13:11:40
8848a9dafb4a3f6eea027ee2322ff6d4,62899f7b8e4122204fc3d26d8d2c3737,5,,,2017-08-05 00:00:00,2017-08-08 13:47:58
ed3342eb1493110f9a440a229676f6a4,6e089ddde2c178b6b61fcdda22c9e84e,4,,,2017-07-18 00:00:00,2017-07-26 17:35:52
f41fd1ed4eaf49703999e5ba3601779b,5fab73b31e4fd43344a3f2fa650807ce,5,,,2018-01-13 00:00:00,2018-01-14 12:20:31
4b370f4811b9fc0e8e6ebc93d27b3f09,45ca85d3a9ce8406d3291753acce966d,5,5 estrelas.,AS lannister sempre pontuais.,2018-07-11 00:00:00,2018-07-12 13:47:20
19e01d39721f3e677a90f9a7aac398b1,91df6f3cf26d70ab6a918d29d0a0b906,3,,,2018-04-12 00:00:00,2018-04-14 19:10:21
a0b3a06052d46c8d8fbbc088f2f7edda,03976e284ff273b3e5fda450030f32c1,5,,,2017-09-13 00:00:00,2017-09-18 13:30:07
55a98b74161e04d3a72e6a4e7d0a3b89,ac78dbdaa55c30dbfb7eea9beaf31b81,5,,,2018-06-26 00:00:00,2018-06-26 22:08:43
ee64a6acb720e7e0b5f4604b6da38d52,2de8870a0b861a9ff5ccb128784abf2e,5,,"Recomendo, ótimo produto",2017-09-13 00:00:00,2017-09-13 23:12:18
bd096a1ce79c0efc9042a202a3f85dfb,2f6c001bbacba3575b0852b17b0c3dd1,4,,Eu comprei a primeira Bota e veio a numeração certa. Ela é muito confortável. Valeu a pena.,2017-06-15 00:00:00,2017-06-18 02:58:05
3e2a1f509617b87b36ed9e76239f3c6a,be315a78a8989c669993c22b50f3920c,5,,,2018-07-10 00:00:00,2018-07-11 21:32:35
df3cc408ef8fa84f7ac09cd6d9a27c80,d3244b7027fc12dbc070c6994d29ad50,3,,Esperava mais do produto. Devia ter um melhor acabamento.,2017-07-20 00:00:00,2017-07-21 02:21:11
5c559ac42ff1e1ea658c64db23e06fb3,6636dd85ee82b4092b9214cc640adacc,5,Perfeito .igual da foto.,Ótimo já tô usando.,2018-05-19 00:00:00,2018-05-20 18:05:35
87b2f4d0eb7c72ffb033082ec7674e20,b9f985da9b5605e8f6b1fb0558b8c88a,5,,Adorei!,2017-12-08 00:00:00,2017-12-09 01:17:21
739ecee55e8e8617555b4528fc238af3,3f9da547c613941c5743b7e033c6ad31,5,,,2017-08-19 00:00:00,2017-08-20 00:20:46
4e4d04285b519268ef766361d7cb6e53,46bbd69cb8d68f6c34fc754e569b4630,4,Produto com cor diferente,"O produto é de boa qualidade, porém, comprei na cor branco e recebi na cor rosa. Não efetuei a troca pois para a utilização a cor não iria interferir, e estava com urgência.",2018-07-03 00:00:00,2018-07-04 11:26:38
b928be3a9fb638f4eea31d7da9ba30e5,410cfb42b9a36728a695fe883df04ebf,5,ÓTIMO ATENDIMENTO.,,2018-06-29 00:00:00,2018-07-03 20:15:26
bc859f5f5ba72e1e0273e4ef1d297a3b,6135f38f4bb6d100bd3b064ccaddf7b8,5,,Produto entregue antes do prazo é o conjunto muito lindo. ,2017-12-02 00:00:00,2017-12-03 15:50:09
d84c0043073a843280cb7315c3ec6fdf,094960a25bb327dca31de0e2b9a788f9,5,,,2017-06-06 00:00:00,2017-06-07 11:25:07
7d3a6f2f13a3ef4893cdd09a92991f51,7f00712c268844b83fbb7db60193e5eb,5,,Gostei do produto,2017-04-11 00:00:00,2017-04-14 14:04:43
de2e1f841bfdd5d9d320cde3f218acda,3eaaa0491f840f400dcfe9469dd5e205,5,,,2017-09-29 00:00:00,2017-09-30 11:08:41
80428e02977799b7d6f38213eb288ac4,1f67d1f09d1858b5d12a7548b258fe95,5,,,2018-06-20 00:00:00,2018-06-23 01:01:42
8f06b4535969c749409c2aab9bd60d45,8006b152280a7ed38378fc8eaa989a7c,5,,,2018-08-07 00:00:00,2018-08-10 12:48:33
3aa67af6b9d59576d2a5f704a181c4d5,5f9c456bbb57754ed7f95c12c8f759f5,3,,Bom,2018-02-01 00:00:00,2018-02-04 01:55:19
60c18a8be8065734a8fe0f9e1321cd38,3a217ae7bba6a3b59b08a0bf08610b52,5,,,2018-01-31 00:00:00,2018-02-01 10:33:50
010ac5580af3d7330398a7d6ccf0717f,c5c9e31d0a32df5f612ca8f9b04f8574,5,,,2018-08-10 00:00:00,2018-08-29 17:07:55
55a8a074078266a36c143a6c3a59de52,d3d00f8dbea1b9d5ef529fbf674c9a58,5,,,2018-05-08 00:00:00,2018-05-10 17:03:35
1d7f9b59af0aeb2c8d63b9a75422257d,71081f5935795063b2da072531dcd1ae,1,,"Não recebi meu pedido, já tendo passado varias dias do prazo máximo estipulado, sem contar que a lannister nunca respondia minhas mensagens, então considero a empresa péssima.",2018-03-24 00:00:00,2018-03-26 23:17:12
8a2be1a0a6b43336c591d98cb6455b11,fdb3ef83ea6f7bef7d13bdd9b38da661,3,,Td corrreto,2017-01-27 00:00:00,2017-01-28 05:26:34
28a9c9e15f85c88c8c1b393bd86306a7,c1b556dfb56a3302a7d965e0da3d5e11,4,Muito bom o produto,,2018-05-15 00:00:00,2018-05-20 15:31:31
384b8bc227f5713c17445208c24ad817,70e4c52c261e4b62fa3d02aa61c45378,3,,"Boa Tarde . Comprei uma Máquina de cortar cabelo com SEIS pentes, recebi uma máquina com QUATRO pentes. O atendimento foi rápido. Entrega ANTECIPADA. Apenas uma falha, eu espero. ",2017-08-02 00:00:00,2017-08-03 18:23:39
1a8ebc453131fd73d00eda801489454f,fb0c01b2efee313f5231a89c4a55e498,5,,,2017-12-22 00:00:00,2017-12-22 22:17:31
0f69c4b922a0cd134f0ff597e7ee58d8,3efebcb1a80d41e5a7865605155b8c09,5,,,2017-05-09 00:00:00,2017-05-10 20:06:20
4f61d869140cff3702f89315b374380b,ea9fa4f97dba6807fd178a433ed17032,4,,,2017-06-07 00:00:00,2017-06-26 22:46:41
b43910a135bcddc2436de21f422aa187,2ee7854c6d1ee4b64e27764b46dc99ca,5,,Gostei muito! Entregaram antes do prazo.,2017-09-20 00:00:00,2017-09-22 17:45:30
6fb7ac257bbf0da413780e7045212d98,c9739ce4c2bbfdbb76e36956cd43dd46,3,,,2018-05-18 00:00:00,2018-05-21 14:50:48
4ba4719295e2545bc7701de9182e91f6,962f38a7552486ed03fe72fb4ddcfaee,5,,,2017-09-29 00:00:00,2017-09-30 18:41:39
1b79ac194ccc113e1d1180afc262112c,a0e03cdf46a28b86f2d93ccecaeca421,5,,,2018-01-18 00:00:00,2018-01-18 21:27:42
7bf8cbaa4a77a3dec3e1a56741d94389,34fd3e758f03c7fe6169308d0fa11582,5,ótimo ,,2018-08-14 00:00:00,2018-08-15 14:15:04
2919b10eb06f4052ef5b783970adc43b,986da3ca575a68c698729794ccd67dfc,3,,,2018-04-11 00:00:00,2018-04-12 01:03:09
7163cbdba1918fea6ae6f1ddd8e43a17,6dc5cd36ae0ca772e70e387e25f032e9,5,,recebi com tres dias foi melhor do que eu esperava.lindo relogio,2018-06-21 00:00:00,2018-06-21 18:02:28
5c43964c63907c03148da5d46ca50c9a,a8011c5b1b6536063a53c05cabf56bb0,1,,,2018-01-25 00:00:00,2018-01-28 11:25:56
c6e6b591fc31ade45bc6410132a9ac4b,dca9c66e66baef1acdb9d05297bf59e3,5,,,2017-08-02 00:00:00,2017-08-02 15:43:24
29348085036c923d2db03fcf7046c528,8899770c263136aaa6768f75189d996a,4,,,2018-03-25 00:00:00,2018-03-28 02:57:12
b85cf49eabf02976e819ad93ca1bb9c5,9989d0ec04100fce996f6e906ada0278,1,,,2018-03-15 00:00:00,2018-03-17 16:20:26
dc1123ea10464a32f5ae2a949a6f85b1,0d06a5815afe53875fb7bf4b7437fe8b,4,,,2017-12-08 00:00:00,2017-12-11 17:45:32
f5a2d41eea497ced7f92833426228fc8,8da93bf6304b1fbbb6ab15bb7644394e,4,,BOM,2017-12-19 00:00:00,2017-12-20 01:42:01
c40d9fcde0799b07fdf915b2bfa321f6,a749acbc328952e55d87733a869f2817,5,,,2017-09-07 00:00:00,2017-09-08 01:20:03
de726e8f6515c4b974fae145e795d0dd,387dbd8ab95a2cea602adfc5434f7258,1,,a até agora não recebi,2018-04-06 00:00:00,2018-04-06 13:54:06
770314c971fe5c29d0a2b0a0a872d39b,cac28bfe44e2fc9411c4f61b768d0081,4,,Gostei,2018-03-24 00:00:00,2018-03-26 18:39:37
424b0cc03b8ef06065d4d8d1d4d0bc73,e372925efa5e2bebc75122fe5ecf11ab,3,,todas as vezes que comprei entregou ...agora que a transportadora era o correio nao entregou...devia ter antes da compra o nome da transportadora,2017-12-02 00:00:00,2017-12-03 18:03:02
252bd9136b0f7c3690b9d8581fb55f03,ea418b9e7145f9d09282bcd0f281b2c5,5,,,2018-01-27 00:00:00,2018-01-27 18:44:29
83ad106680972a2a279c670e7e7554b9,3bad88adde3b0947e92cdeca75800f58,5,,,2018-07-13 00:00:00,2018-07-14 16:19:11
355355d2ea38da630ce0569f07022c66,3683a05264a0926a8c06607f4623a0a3,5,,"Comprei um relógio Casio.
Chegou em perfeito estado, no prazo. Produto original na caixa com certificado.
Obrigado stark, fiquei muito satisfeito.",2017-11-30 00:00:00,2017-12-01 12:03:36
49aac26ce51f491e6ad7a18f1fe88d1f,5d1466f38183f13f22491a21c09982a1,5,,,2018-06-26 00:00:00,2018-07-05 12:28:27
49d719e3eda0882a35f3d3694cdef383,fef88a82df9affd47bdc67a4c8bbe4b2,5,,Tudo origginal,2018-03-02 00:00:00,2018-03-03 09:25:35
14b886d25d001546de4c62d0b8324a1e,52432d42fb818ca588e38c5067f73c3f,5,,,2017-12-18 00:00:00,2017-12-18 15:25:58
f3e557da0834cc842b8de12f6f61734d,49e4b99628268d2b4f089f0662e13195,4,,,2018-05-18 00:00:00,2018-05-21 02:49:32
c789bd2c6dcf3ccf2786b39fc0ae85b1,47f353bb28503360d9e3c39a7004a12e,5,,Voltaria a comprar nesta loja...,2018-04-14 00:00:00,2018-04-19 02:25:53
0005bc906dfe3b73261020bf8e9b76cf,75cc0defdf90cda65066ce0ac171e2ab,5,,Muito bom ,2017-10-15 01:00:00,2017-10-15 17:53:22
d81a5508aa8c78f61b85188eb1a2809e,57abb1f66732171fe6a0c44a796f747e,5,,,2018-05-18 00:00:00,2018-05-20 17:23:04
61df21845d99d8f27e751cbc434c134a,f161d2927f0847f8fd74ebeb8a7b3a80,5,,Adorei o site recomendo comprei e chegou antes do prazo que foi dado,2017-07-20 00:00:00,2017-07-25 11:52:36
e38add706e23ea5409d90ec24dc3e15f,9c370b3dbcadfb3a62c2b8466603fa1f,5,,"Super recomendo, entrega feita antes do prazo",2017-06-29 00:00:00,2017-06-29 23:47:47
5fa85aae230f4f0aed66024b1d812865,e8ab4523e5661e8945b938ccc4d89553,5,,,2018-07-07 00:00:00,2018-07-11 19:23:24
1a29f7440957452b30193da187371897,de001e88a16cecc089b911816d0cc818,3,Acabamento Ruim,"Produto com acabamento ruim, case do equipamento desalinhado e com brechas nas laterais.",2018-07-04 00:00:00,2018-07-05 01:13:07
c43424a1449e3ff0a261c53816c6b755,4a5a1f0d3ea7bba1b88f2d68e80e4189,5,,,2018-08-28 00:00:00,2018-09-04 11:24:25
a10626040b7e80cab32f111c5bc782ae,08c94cca559ddccd243fc551e088b856,5,,,2018-08-01 00:00:00,2018-08-01 19:12:35
a6b8a8ebff071acdb78b34a8a9a5ed8d,ddc6de714ab6793dd55ef3b191352906,5,,,2017-08-09 00:00:00,2017-08-09 23:20:03
a6b410acdd206ee3013fe27e7c5fc9d5,9b5f1d8f674dbded691812e5fe07db5c,5,,Entregue antes do prazo. Muito bom o serviço e o produto.,2017-12-28 00:00:00,2017-12-29 18:59:45
fb0335a8e2c0d6889df5fecacf2d745f,e406f3cf4b3e23077d22eb4346d6471c,4,Parabéns ,Só achei a bíblia um pouco cara pelo tamanho ,2018-08-21 00:00:00,2018-08-22 04:03:33
9094a7840ca663a7c333d58dd86a1df1,5c94016e2e826e386554fe7e183161e0,4,,Chegou antes do prazo muito bom bem embrulhado,2017-07-25 00:00:00,2017-07-27 00:33:30
d5dc6084ed4198e54e44e1c243215c6e,de11314f84cd5578a36ab8312ab5b5df,4,,,2018-08-12 00:00:00,2018-08-14 07:56:30
c599c00c144f03e3837c5595f4b1cab7,b6ac9e1564a4ab43f7958280ebc3ea23,1,,simplesmente entregaram nos correios para eu ir retirar e nem me informaram disso. resultado? o produto foi devolvido para a loja. CANCELEI!,2018-02-02 00:00:00,2018-02-07 15:07:39
16a234667426822992eec0dcacd3a3cf,f6b803d15fa58d6e0409ce0cda40121b,3,,"O produto chegou no prazo, foi entregue o produto correto, porem o produto chegou incompleto, pois era pra vir quatros produtos e foi entregue só dois. E a nota fiscal esta incorreta.",2018-01-23 00:00:00,2018-01-23 18:06:01
5c3f74fd21928ed6de264bdeb86d431b,489e6c889dd29088ff5646a8c6d106ad,5,,"Recebi antes do prazo.
Muito bom.",2017-11-28 00:00:00,2017-11-29 08:57:46
0a112e1af1c42ba809f82f91217088fe,f96ae3b7b3fa4a0b2644a183d6cb620d,5,,"ENTREGUE NO PRAZO, PRODUTO DE QUALIDADES! PARABÉNS ",2017-03-04 00:00:00,2017-03-06 13:45:28
4a8974ec26c53976fd7e63da00056301,81928f41f8a362d614d4e4073d24de07,4,Muito bom!,Chegou no prazo e o produto de boa qualidade!,2018-05-22 00:00:00,2018-05-24 19:29:40
2e0679f5bd14dccbe90291b7e664db45,9dc19c953a97c92383ff95f54cabe58a,5,,,2017-05-25 00:00:00,2017-05-26 10:57:32
9ab38ffe083a6a858c7c78ad89cc8fa6,b87f290b049eb668936a0f94149a1e2f,5,,"Rápida, Pratico.",2017-05-30 00:00:00,2017-05-31 13:40:27
9f084c1a0f4b9e655e56ec22b3d90874,a1e92d086f682e6d8a328e19e14e0621,5,,,2018-01-30 00:00:00,2018-02-01 22:30:53
e6cd89f319b7c69b9b4c6babc632db08,df91fb38017b42722551a94382cb829a,5,,,2018-05-04 00:00:00,2018-05-05 22:45:43
18edb476f397c4946924ab1ee1f13325,1b2998ac4c3495c47a6f8cb5c2d65f35,5,,,2018-02-10 00:00:00,2018-02-26 20:29:13
3a76bdb3b01eca6666dc56b203afe3e4,913677abacbcdc2b2f18b3ec362a0cdd,1,,Produto não foi entregue.,2017-05-19 00:00:00,2017-05-21 12:35:19
4fe679264222562f78081072611dc93b,ca4c4373c93ec75ed15c1dbd97278ddb,5,,,2018-02-24 00:00:00,2018-02-25 05:54:35
c93f4a434012b47c7f007d4566d53cc7,535c025843acd3d8c280a3b32f77a1f9,5,,,2018-05-18 00:00:00,2018-05-20 23:25:01
c09387340eb8053e354ed4a2444a0dfc,5af817dcc7682f13101dbdef134be4e0,3,,,2018-02-15 00:00:00,2018-02-16 00:41:23
8d968d9669c06182a369aaf670761799,5814c4efa071d212c5b84498d9ca5809,1,,"Produto ainda não foi entregue, difícil acesso para reclamações!! Não recomendo para ninguém 
E o correio também é uma bosta...",2018-04-06 00:00:00,2018-04-06 09:33:46
752891065aac9bf0cfd3e49f8f914a48,084d2c70d33f8b9a1e21393471844591,1,,Não recebi nenhuma informação pedi cancelamento,2017-06-07 00:00:00,2017-06-07 12:47:39
5ca164b78776cfa8534c64cfc744c1c6,497dd86000dbe348d33b6fa239f2521b,4,,,2018-06-26 00:00:00,2018-06-26 19:35:29
a5647b9f3d7606537c157628a34888a8,d2ae2653b9dbc7b50f11bf3e4001ec8e,5,,,2018-05-15 00:00:00,2018-05-16 17:33:59
35262d0e248752e0c3f8b50abe524eef,43776dfb549a4d0a2d069bfabfc4b134,4,,recebi o produto antes do prazo de entrega e sem intercorrências,2018-02-20 00:00:00,2018-02-20 09:29:52
cffb509619e22e6e1aa048ef006cb3ec,294f94df7d2ec239123fdca1a458e0ff,5,,,2018-06-09 00:00:00,2018-06-11 15:33:56
322fdfc54efd8f698849bc16f3f8c6a6,25dbb5b0e8fffe7add495cf01a2893d0,4,,,2017-12-05 00:00:00,2017-12-05 18:33:01
7197597d1011ed6e45b69b09786a6b34,dfc7b2719aac6a68477031f7c6d5a44f,4,,,2017-06-20 00:00:00,2017-06-22 19:35:56
5eca7a44dd919c3a41d9c413b7d23535,20b44662cba0e4e87a3d794343c1076c,5,,OK,2018-03-08 00:00:00,2018-03-09 01:51:38
b15e73c53e5dac2a37c9cf423e025d73,8d48de810012d2cb59c59d5c4e0442a3,5,recomendo.,,2018-06-08 00:00:00,2018-06-12 14:42:53
a55e240fd81e7ecaa4bcc98703fb4b9b,02058d1c3b825765a4ec45968b8a1c97,4,,,2017-06-06 00:00:00,2017-06-09 11:18:39
e84b2991785a38a1dda4ad9da2a8ce24,8773f85e9426581a87796b56cdd8eff5,5,,,2018-05-12 00:00:00,2018-05-14 16:46:39
87011aa6cd579340b8b33e2b8b34d570,f1b64d15b1fe4c26aeffdaa46fa1004b,5,,,2018-04-11 00:00:00,2018-04-13 08:38:24
b32d5b585d5f14c838a0c62a949019c8,2583425d8fd6d2a22d92c8480c1b546d,1,Produto faltando ,"Efetuei a compra de 3 peças , conforme descrito na nota fiscal, mas ontem recebi apenas 2. Está faltando 1 peça, entrei em contato imediatamente com o site e informei o ocorrido e ainda não respondera",2018-05-02 00:00:00,2018-05-02 23:23:35
89793aaf588a7a9c00cdb0ef1e989c73,eb3042b24ee09562fc9367cd1c24947c,3,,,2018-02-22 00:00:00,2018-02-22 22:13:05
f5eb1c09a7ef6fe3b9e8ca922844d551,acfe3b4611df7e7efbd402bb5b5be2a3,5,,,2017-09-01 00:00:00,2017-09-03 01:25:14
b5434ceb0c25a3ca0ee14ebd92b29b1b,92b16e4bf4524a212222c92e9114f55c,5,,Compraria novamente!!,2017-06-17 00:00:00,2017-06-18 14:42:23
2a52fe3d058e862e193684e8800dfca4,db88396cf9aab6635eb909ed423d6662,4,,não utilizei o produto ainda,2017-06-14 00:00:00,2017-06-17 18:53:25
06e5433c3d0a134e310acb8e4e6a56b0,ac5222f836286b33e7240030ad79d7c9,3,,,2017-11-23 00:00:00,2017-11-24 01:42:56
bf73ce5084a2bbec9c2ef0177ab809b7,1e62cc7c75b9ab770d8ade06089fed44,4,,O produto entregue estava correto. O único senão foi que a loja poderia ter protegido melhor o produto. Ao cortar o embrulho externo de papel quase cortei o tapete com a tesoura. ,2018-03-02 00:00:00,2018-03-02 15:19:56
608b58a4a0d6226e01145de2600d99a1,f5af61697fe43fe2063f350ab4e80fa5,5,,,2017-08-01 00:00:00,2017-08-02 12:17:19
d49923f6cdc209435fbd48608d032a90,ac2403ebd2706b3bd5399ac7ef4ea9e7,5,***** recomendo 25/07/20,um otimo produto adorei! a entrega tambem è rapido.Parabéns!,2018-07-24 00:00:00,2018-07-25 11:54:40
998b43183c2fe95064a31bc7640fa76d,0e1ddbe485dfa358d24e22e5394d0484,2,,,2018-08-04 00:00:00,2018-08-06 11:10:53
4dc1e7c111775f3ad7c0db224e65f18e,3951193545025398d0fa18b7e2f836be,5,,,2018-06-05 00:00:00,2018-06-08 11:02:33
1724698f98321b23e8a54726edf18deb,a140c8837fe93faea735fdb258215911,3,,,2018-04-03 00:00:00,2018-04-04 12:49:37
b977cc1b1a011d1be2de85e4af5b6bcf,1721eb90ee8c1fb7d6c2f81e8acd2a22,5,,parabens chegou em tempo abel,2017-07-18 00:00:00,2017-07-21 15:32:38
8ca0d33455bd3a72d3badf40d579068e,e248283e6b8ba09b05efea1000d9478b,5,,,2018-03-17 00:00:00,2018-03-19 12:22:35
d1eac42491bb894abacc79d1b571904f,a887a98a44fd41090859072971661ece,5,,"Entrega antes do previsto. Parabéns pela rapidez! Produto exatamente c
omo no descritivo",2018-08-04 00:00:00,2018-08-04 21:41:57
92f0e53dd0927a1e8d0c6a4c0963632d,ab76f54a321a0431ef243b3b6865078b,1,,"preciso receber já está pago, houve erro de numeração no imóvel, já corrigido, por favor, me ajudem...",2018-02-23 00:00:00,2018-02-23 09:48:58
a8009516a8d8546a6a328083a58f4d74,c3cbb5032bfc949af6b3f17024de1c8f,5,Recomendo muito,,2018-05-18 00:00:00,2018-05-20 18:55:14
b20e031652d6de0241f5839e049971f4,f09d0203a51785e9ba9279607c38958c,3,,,2017-03-07 00:00:00,2017-03-13 20:16:29
f3ea152cf4b220869cae6f610416ff10,0c63a4c9a17deeff24d65bec51f3a5ec,2,,,2017-10-07 00:00:00,2017-10-08 00:18:34
63ba3f9c08f244600b5ea668e8c9ddfc,2c7e89e493d79a803615950d27017f1f,1,,"Comprei 3 luminárias, só recebi 2. Já abrir chamado e não tive resposta.",2017-12-12 00:00:00,2017-12-12 22:13:57
ae94bef6ea8060ff61cbda42f5ec052c,a2cc46310eb1cf60d0032c6c78443368,5,,,2017-12-12 00:00:00,2017-12-15 08:01:29
54f995a3b58836aea6321d2b47d8beea,5930304c1503cbf5928b7e38bc52e248,5,Recomendo! ,"Linda boneca, minha filha gostou muito! ",2018-05-10 00:00:00,2018-05-10 23:30:02
52ef81efad8a139dda777f6eb5b7c263,c1dc9326b9f99f2db29af061a59cbe8d,4,Ótimo ,"Gostamos muito do produto,veio exatamente como consta no anuncio,chegou no prazo ,cor exata azul marinho,custo beneficio maravilhoso, excelente!!!!! Recomendamos simmmm😍😍😍",2018-05-06 00:00:00,2018-05-07 02:44:05
2c87443974bb63cd6a63e056c789aa80,3b7ddbdc4ef4c59cee4047a5fc2e49fe,4,,,2017-11-22 00:00:00,2017-11-23 00:23:25
d6787f519e34dbfe1c9a63fa18f53056,c105dc345a895fe1dc4c94717b232046,5,,,2018-02-08 00:00:00,2018-02-10 23:27:24
79cc6af0d02fa3119131b15596b5a172,3f70fa55743ebe05b4b94594c082dfc4,5,,Melhor loja virtual,2017-12-27 00:00:00,2017-12-27 20:17:24
e00925300f83025fcdc8bb25a1b3d998,faef665b7a0746076cdba7746c217cb0,5,,,2018-04-29 00:00:00,2018-04-29 14:45:30
f21b231d88750506e34f2ac3f610a0c5,5e3eb18fc8a18f4ce40f831b01532b4a,3,,"Só não gostei porque os produtos vieram separados, foram faturados e vieram em dias diferentes. Um contratempo. O resto tudo certo",2017-06-29 00:00:00,2017-06-30 12:13:53
38456ff35fa5b8de760de86073d5ad8d,b26d0e4b269b9370121538ab116bb04a,5,,"Recebi o produto antes do prazo previsto, veio tudo em ordem. Recomendo.",2017-07-18 00:00:00,2017-07-20 15:13:42
23ee6ba253b01070e7a05a01ac96d833,a5d865e12e7e0f8952334691874959df,5,,,2018-08-04 00:00:00,2018-08-06 19:44:11
fe1711409007a1243f6fa3a1118d416c,00137e170939bba5a3134e2386413108,4,,,2017-12-12 00:00:00,2017-12-13 11:08:31
fe278f34ca9a6a8f5cadbccf882830e5,b8cddbe53f3a227da27064bc722cffa3,5,,,2017-09-23 00:00:00,2017-09-24 12:17:40
8f20231859bd5fe3c67b1e89e454ce41,324a951e8ca7c94fc8aef5cde703441a,4,,"Produto de ótima qualidade, só acho que a entrega deveria ser mais rápida.",2018-03-16 00:00:00,2018-03-17 15:06:18
5acd733e1a512c145490f288f0ebdd95,bd2909853756962cac320dd9c00dc8b1,4,,Otimo,2018-01-05 00:00:00,2018-01-06 09:01:08
dd23da6a4b1d8375a7d034bf847b04f2,db2bd06455f798cb0da8e649c3aa06f9,3,,,2017-11-09 00:00:00,2017-11-20 00:23:54
067d2f161cfcade60de1a09110bf930c,89b97127e91562d3568842d10a400161,5,,,2017-05-13 00:00:00,2017-05-13 17:39:14
d57a4f8c5539433fdb692c7f01bcc337,8aaa6469d7ef4134e807e6b4da146012,5,,,2017-06-02 00:00:00,2017-06-04 02:46:08
849fa6acc40bc6ab2153ee3316639f7c,bb464b973005de9d4a87e205925f5751,4,,,2018-04-13 00:00:00,2018-04-16 17:44:40
ec987b36ffc824ca6165e64188a972be,efdd2a16264f8e4d18564f8e7deb071c,5,,MUITO LINDA!!!!,2017-05-24 00:00:00,2017-05-25 12:36:29
a0e4f55b307d8cf3e70cc56bb7bcd1f1,1aa06061f2abdc063d3ab58ff9e86cde,5,,melhor loja ate hoje ke ja comprei.,2018-03-10 00:00:00,2018-03-13 21:41:09
cfdfae2303280ea15e36f5f4a42ac4a6,b16cec67cb3f5a4bb31abe8988b43d19,5,,,2018-03-30 00:00:00,2018-03-31 00:19:14
56e6dbd6a74f545ecd2291d938a0f3cd,ba242a1dd9c9df31f97af85c25e0e1bf,4,,,2017-12-30 00:00:00,2017-12-30 23:39:41
d188f39c9c61bfa768a680334b8527fd,50ef6a06a587a4f97f8483946c692e70,5,,"Recebi no tempo e prazo.
Gostei do produto muito ?til.",2018-08-04 00:00:00,2018-08-04 23:20:07
030f70195119f24a28be98fc407a7714,e96343d353d85658fdfef8ba65b57ea9,5,,,2017-06-29 00:00:00,2017-06-29 19:43:01
77f11a1a56c63d1844e367a75bc74f84,7ca00d9cf45a4e8501cdc625899d7633,4,,,2018-08-09 00:00:00,2018-08-11 23:52:55
f2423b3ab95ce9e2c5d9b2372d442823,0f884853f408247bc673050f33f2c5e5,5,,,2017-08-22 00:00:00,2017-08-25 20:16:30
24a11cb88a372e11cb0a5639cc2fc825,9725871b2a067d972355980be11e7d1d,5,,,2017-10-25 00:00:00,2017-10-26 09:06:34
9975fb43c93a6f7fedc9a9ab8fabd950,935be32550a2544a4fba77fca77c8dd2,3,,,2017-08-01 00:00:00,2017-11-29 16:16:52
9f1d20aad4ae53400ba6ec5a741f1e63,8c6eb35c6bb5e1a9dbf00531ab9404e3,1,Não recebi até agora ,"Tudo pago, produto e frete e não chegou nada ",2018-05-05 00:00:00,2018-05-22 16:22:40
d397ee891c8da449a79f9b544fe395b8,a1992473cf823780a4ce2235249ada82,5,,,2018-06-09 00:00:00,2018-06-11 01:59:09
606c81e3d09092977d2f401b8393bfb4,21196c30747231d579091396af990f0e,1,,,2018-04-12 00:00:00,2018-04-14 08:43:49
1b19ba9b540b65eb4b93b5f2ccc5f942,87fd335973d9705b9c82ee68d314a8c5,1,Muito ruim ,Meu produto constar que foi entregue mais não chegou nada na minha casa e hoje de manhã eu liguei na central da lannister pra saber o que aconteceu e atendente? mim informou pra ey esperar até terça ,2018-05-05 00:00:00,2018-05-05 19:57:23
477cc97effdd16a3262929c4bfc42180,d0ddded2fb44f032154b6149cce5e2e6,1,,,2018-04-12 00:00:00,2018-04-13 22:53:54
b212082650f7d442d67a595c5820cf1c,889508c3700be6eebc597a173a99c250,5,,,2018-02-19 00:00:00,2018-02-19 17:14:48
07f56dddf2370fd5663d8bc9bc14cc73,e0f3cd25b704e2b54b5837d443087ba2,5,Super recomendo.,Produto entregue no prazo e sem problemas.,2018-05-05 00:00:00,2018-05-07 12:25:30
5e2d9761e1d4309ec8689ca92674aaef,3a3f6aa80241caf165b717419017abc2,5,,"O produto é de qualidade, e foi entregue super rápido.",2018-01-23 00:00:00,2018-01-25 12:54:34
c94a2f2b9120c1d5cfb700833d9897e7,3ceec142bbeb4de9939d371d6182d5d6,5,,,2018-05-15 00:00:00,2018-05-20 15:36:52
7c495c78e17469197b0694526656ff16,d264cc09df2d6232397d0a9db018d01a,5,,,2017-09-09 00:00:00,2017-09-12 10:46:44
32c88cc4388d10378de59c38fdf67ed7,e210480a7951a7968ea2a32e38c6dd70,5,,,2018-08-14 00:00:00,2018-08-16 14:21:24
8a991a6202469bb03667112dd4ecf425,a36ab298e151e229a2d1cb6bb0e5839a,1,,"Comprei 2 unidades, recebi apenas 1. Gostaria que entrassem em contato comigo.",2018-04-13 00:00:00,2018-04-15 22:44:19
57bfc0d2586e151424a6412c045ea5b1,4e801b3860564f02745ba49a886fbc0d,3,RECOMENDO ,BOA QUALIDADE SÓ Q O MULINETE É MUITO SIMPLES ALÉM DO Q EU PENSAVA ,2018-05-10 00:00:00,2018-05-14 15:08:52
02c54224abb02c3cfa429acde0193c25,1f87ac3f856bae9e742538bc551bdf5b,4,,,2017-11-12 00:00:00,2017-11-13 12:30:02
474cc694dd96b04851a20ef8d8c7cfc5,a10025dad19bcbddfb29902513f39ca3,5,,Recomendo pela pontualidade em todas as compras que já fiz.,2017-04-05 00:00:00,2017-04-06 10:49:55
6731faae48e8d280124beb273fd0c52a,80380dcab14d7ec024883b76a82f04b2,5,,,2017-09-09 00:00:00,2017-09-10 00:33:39
bfa0336967129c4ac4f3c2bbbda44740,5a00ef28abf9645038a7d37c1639d2c2,4,Relogio casio ,"O produro chegou dentro do prazo, é bem leve e a caixinha é de papelão! Não veio com o certificado de garantia, somente manual. O tamanho é bom e a cor é dourado claro, nada muito chamativo!",2018-06-26 00:00:00,2018-06-26 22:42:18
c2b94f25bca7dca3df96f5dfcbd6952b,6b9d30f0b006a467142d46f2280c7fe7,5,,,2017-05-06 00:00:00,2017-05-09 00:44:37
4ed4174664dad1544f51d021f3086426,802a16d8b5c3a74a38cf9216f429c469,3,,,2018-06-07 00:00:00,2018-06-08 23:24:08
189439a82a1fe9c50ed3ac8e98a0efdf,2fdca5b7401ab483f6f3ef78f46f32f2,1,,Material de plástico horrível para por na sua sala ,2018-06-11 00:00:00,2018-06-11 17:50:18
759cd41fbfe7243f487cfdaeb381beb7,8900d15492ac0e3b382fd3bd53c17e81,5,Entrega exata,Dentro do combinado ,2018-05-03 00:00:00,2018-05-04 00:12:54
4e0d297959b97d0e0e24d1a357fc43c3,45a6db7c0c90c420e4659ae681f7e761,5,,,2017-05-16 00:00:00,2017-05-17 09:33:33
2ef88726c041ca3d6fc75265fe3df816,782280edec0182ee4b1e2cff514fc712,4,,,2017-09-24 00:00:00,2017-09-25 12:30:43
dd8a3c6bcb58ccd710a2a868c2eb114b,b1c3ca267130eac320fb60d3340f528a,5,,,2017-10-16 00:00:00,2017-10-18 19:35:03
2b52f4801fb04a5770d2b7c5d17e8405,a30f5af56b85e9f22df0e5686c66a627,3,,Comprei o cesto para roupa e o mesmo está em desnível. ,2017-12-28 00:00:00,2017-12-28 17:29:54
0c5601ed40e201d373cade85c4053160,13badfaf0fa0a80d7dc85eee772ffc98,5,,"Produto chegou no prazo, ótima qualidade !",2018-04-05 00:00:00,2018-04-06 00:03:29
6827256dec6e9cea6432169c4c2ad4c2,b8c6d75388bad0d20626aa31f173d5fb,5,,,2017-06-27 00:00:00,2017-06-28 16:19:22
b0f9a68177c8390ca39707a56e998772,774847476ad545e9bcb605a75dd40de6,5,,Excelente compra produto de qualidade e entrega rápida recomendo.,2017-10-01 00:00:00,2017-10-03 20:08:39
f7faac86341ea86fb8fbdcdd830160e5,61d54e16685b5da6db2e220e6588c376,5,,,2018-07-26 00:00:00,2018-07-31 00:02:50
09d7c6488200ad7b17b86823d221dc13,bf3a60e4735ec22f0cb309856fedfdf1,5,,,2018-02-17 00:00:00,2018-02-17 18:19:53
44bbbe4924af1433e01e7e1bfccf3e89,a7c17d3f5f5c9612a2bc81be1aadcdeb,4,,"O produto chegou direito e, no prazo correto.",2018-03-03 00:00:00,2018-03-04 20:18:00
c03368385b4c4328f03e5e22e3568d00,2b25df22054b449145255218a1d25552,5,,,2018-02-20 00:00:00,2018-02-21 08:16:48
505271336a651e681deeac18807d4000,a07c319b821b5707ba0b018c7ad63aef,5,,Chegou antes do prazo,2017-08-04 00:00:00,2017-08-05 01:10:48
a2b74e1f71f6860d12818d8676f38970,4f45b64cff81907c56fcca5991321f97,5,,,2018-05-22 00:00:00,2018-05-25 00:21:24
adf0af1c2b52e9efa3562895bcc166bc,a27e7bc82ceed97d792b678d7ca3e888,5,,,2018-01-10 00:00:00,2018-01-12 22:09:07
35166962b97146d4d1308d3446488973,1a6d8f9122fec35f3e394f0b47abfdef,4,,"Produto atendeu bem, o seu propósito, funciona mesmo, muito bom.",2018-04-14 00:00:00,2018-04-19 12:22:55
773d4548b88942a71e2f8b252f258416,e36d390b90de532ec095695e0fab74e5,5,,,2017-09-03 00:00:00,2017-09-03 17:20:50
e26cce34eb863aa3853b36364b5a4308,650ca3873d0a09fb4604deef7817ef60,5,,MUITO BOM MESMO PARABENS.,2017-11-28 00:00:00,2017-11-29 10:27:39
fb100b67c24f31bc9876cb1dc45f8b12,08fa07327488ff39829511ce36ed3e32,4,,,2018-01-17 00:00:00,2018-01-21 21:34:25
503c899cd1ed3f9cb751a8add17f9af3,d7ed6c0330486c8239f4fd349450d270,1,,Não gostei não véi igual da foto é o material e muito ruim e também veio com defeito mal custura,2017-12-02 00:00:00,2017-12-07 01:21:54
7411d9369fc6ba19505f31c004d58215,04c5574dca3570ecdde1cf8527993017,1,,"Produto chegou antes da data marcada, mas a qualidade é ruim, impressão falhando. A impressora detetou que o cartucho já foi utilizado.",2018-04-04 00:00:00,2018-04-05 15:55:27
8760fadcfedbe0961d3d53596a224a8b,3983bde7a4181560b9558aedf15d49fd,5,,,2017-12-01 00:00:00,2017-12-02 02:32:14
d194256915bf9c4a2995f9038fa71e4b,bf375386af3b1f89486a565f182219a8,2,,"EFETUEI A COMPRA DE 01 CONDICIONADOR AUSSIE MOIST + 01 SHAMPOO AUSSIE MOIST + OS 3 MINUTOS DE TRATAMENTO AUSSIE STRONG.
ME ENVIARAM O TRATAMENTO AUSSIE MOIST SEM SABER A MINHA OPINIÃO.",2017-05-02 00:00:00,2017-05-02 22:28:48
207e752f69ebd26ebb17910880dde845,07528311766b5aa54d193747c66663df,1,,,2018-03-25 00:00:00,2018-03-25 20:45:18
9cc623215d625bdde5c2050c847feaed,b989c3785c2432d0617d9e494703c478,4,Recomendo,Produto bom. A cor é bem chamativa. ,2018-08-10 00:00:00,2018-08-13 16:11:49
d80901b6ca88bfc45aaf3778c12ca200,ea5b8ab951ac72f344bebd303152f748,4,,,2017-12-13 00:00:00,2017-12-15 11:32:19
863eb377d0cdfc8480efc2ac63dee146,6175b1fa7ea822df4907c8e4b71fc192,5,,,2018-04-18 00:00:00,2018-04-18 21:50:35
bf9751029f326ddb7410f97a14229134,d140e3b2c8717b000f1ea33c496480e8,1,,,2018-02-18 00:00:00,2018-02-20 22:11:02
d135b6a52e6327a2e8c8c439bef768bc,a63677aa9aeae51c42728b18555df877,4,,,2017-08-19 00:00:00,2017-08-22 00:40:24
f56e6033b8bad40ba193a2f271ec3760,f1227685cb32bc990c13a7c5df91005b,5,,,2018-05-09 00:00:00,2018-05-10 00:52:22
408cc5e7c026f58efa1c34768cac90a0,ceba7b9f1fa81a563a3e31ee64fdfb16,5,,,2017-07-04 00:00:00,2017-07-16 15:51:20
5ff211ddcb618ce0564a53b8a0da4e0a,3358a4c41e5feb5bb73829eb6cf42ba4,5,,,2017-10-10 00:00:00,2017-10-13 11:00:49
b28ba45171669677e9988439df7c5e8f,9feb31244fa82ce0a5fb912500881873,5,,,2018-04-28 00:00:00,2018-05-02 09:06:26
3478b281f318f515dbd413fd55862965,0bb5af1f3b46e6ec23dd85506fa8175f,2,,"Não veio na cor conforme o anuncio, a mochila não tem espuma interna. No mais tudo tranquilo",2017-11-23 00:00:00,2017-11-24 10:37:11
7e2ce418ba594fb48c104192f7af33ef,41db55b77650928f1720b63029141585,5,,Sempre gosto de comprar nas lannister ,2017-12-10 00:00:00,2017-12-13 02:33:21
03e2ef3d20d328e2c97c4cd29e44a92c,e080fb7aef4b2d5905e95cfbd4ddc138,5,,,2018-03-30 00:00:00,2018-03-31 22:31:26
6a4ef7c47aea26789bcdf29796d282af,7f3c194d0984c02806d2b6a3f62cbf59,5,,,2018-02-01 00:00:00,2018-02-02 03:48:13
43bf7d48ee35e1ef767b97badbbe7cd7,724074e91e873f7bba4b3548c59e5f92,1,,O produto chegou quebrado,2018-08-28 00:00:00,2018-08-31 10:50:27
7341bd1b1c4047b62a1fa43d80debdc1,0e748699edd544eb244d173a5658b7a8,5,,,2017-11-28 00:00:00,2017-11-30 22:15:34
9c5af41adc85e1c952d685c7eafd8095,f6cf20d8d6692cf6d99a4db211c2f891,3,,,2018-01-30 00:00:00,2018-01-30 19:44:39
3dc34dca59e105526f4529f762ce596d,3d062cd73698941c34fd1917e8f39482,5,,"Excelente tecido 
!!!! Recomendo!
",2018-03-08 00:00:00,2018-03-08 20:05:23
07fd5a2a83da3a36d681696f31544b76,72e57d0b326731ddd25d0d44212a42cb,5,Entrega,"Gostei muito da minha balança digital 
",2018-08-29 00:00:00,2018-08-30 00:38:31
e935f42d8ed125abe3db64c64a893632,85b1e09d7a230790544ffb86902bf77b,5,Surpresa Excelente,"Super Recomento, meu produto chegou no dia seguinte da comprar super bem embalado. Parabéns!!",2018-06-07 00:00:00,2018-06-07 18:22:55
3e47ee5e922c857edaeb1f0249c70e7a,c4b6ce991d0e0bc8c0538001ee46366f,5,,"Otima loja,, recomendo,...",2017-05-03 00:00:00,2017-05-05 20:20:45
1a5ccd081794aeb7dbbdabf7fc8211df,2a81af36abe7c237e184b5f84e5b27bb,5,,,2018-08-22 00:00:00,2018-08-23 15:28:01
c2abd74d4d97c50f515d66ddcbd1a59b,cdd9601c7f7685708434a68d814fb53f,4,,,2017-05-31 00:00:00,2017-06-01 01:56:29
8e96f8716c15ed7bdd810822b3ab3a93,69be748e051308f0d341a9e6d30c7b40,5,,,2018-04-26 00:00:00,2018-04-26 21:24:29
3d806f3fb8ec4fd33e8c0983a06122b8,264838181624ad76b573c373a9862598,4,,,2018-08-10 00:00:00,2018-08-10 13:06:21
ac15dd341d017c500c2c1dde856bc3ef,efb0cacb1ed48693e7edc6e10d9d1790,5,,Produtos impecáveis e lindos! De 1ª qualidade!!!!,2017-07-21 00:00:00,2017-07-25 20:05:36
8fbcebfae9e80991662f4019fbf38a10,4cc0192e89c70ee61b2c1cd8ae665a5f,5,,,2017-07-29 00:00:00,2017-07-31 11:39:53
c3f7b19008d7e4b8ad1c193a58aed175,579332417ec95ade5b2e5ebe06de5d2d,5,,,2018-06-05 00:00:00,2018-06-08 01:24:23
8ab1cbaa45ab4ca97d24f5e5884c0c39,db145d39d51668d2934a47dbae8e5e66,2,,"O produto chegou no tempo determinado, porém com uma rachadura enorme na tampa e tudo lambuzado,acho que deveriam rever como embalam, principalmente o que vem pra longe!",2018-04-12 00:00:00,2018-04-13 11:59:03
27589a6ea77199a8caec41dc9c40352b,d53c5f1bf34ccafbdf3606104e7c1c8b,5,,Ameiiiii minha compra,2018-01-31 00:00:00,2018-02-01 00:51:23
71c1c712870bd259db8676cc5e2742f7,3821374c4cfea859896f8a3d6f2b7a5a,1,Ruim,Nunca mais compro não tinha o produto para a entrega ,2018-05-19 00:00:00,2018-05-20 09:43:35
fb6088934a5b27a0ff160843ee3643c9,f3239f4f6c8cdfc9043534b20c0b6179,4,,,2017-08-22 00:00:00,2017-08-23 03:35:46
8d7bb3c270a9e5568350463dff04a462,78ab727370e07aaf73b362897c8c6e3d,1,Produto veio cor errada ,"Produto está descrito preto, chegou branco. ",2018-05-24 00:00:00,2018-05-29 12:30:51
c0d20d11a95e8f2a9454785544ee5450,60f444f47da9e98ceae8864e4a67fb0b,5,,Gostei muito. Cumpriu com as caracteristicas do produto e entrega muito antes do prazo proposto. ,2018-04-17 00:00:00,2018-04-18 05:41:35
8113dec548040e197da6f9998475ae66,ba3f16abde04a2864215c98e536e2a46,4,,,2018-02-23 00:00:00,2018-02-26 13:19:06
15ff6376204ef50a84558d2e55d12044,24b54d866e249786f29f8ffba3f0d003,5,super recomendo,É uma loja ótima para se comprar. As compras são entregues perfeitas e antes mesmo do prazo.,2018-05-11 00:00:00,2018-05-12 14:48:30
1b86e810092de7ad5b57b00e757e227c,c6f9707802d8df093005d7b1e9e8f9ec,4,Ótima,"Gostei por ter receibido antes do prazo máximo previsto. Previsão que estimei muito longa.
Obrigada",2018-04-27 00:00:00,2018-04-28 21:58:23
5655e02439bb19b163c4015ad4e23aac,3ec05d74c91669694d41dcf4d7cdc764,5,,,2017-06-10 00:00:00,2017-06-12 23:43:04
021a091d23f2c64ef1302c6e60897bfb,56c93a3f93a1e7eb24ed51a6931dc488,5,,,2017-06-06 00:00:00,2017-06-07 08:46:30
d98735cb748367c0fcff4a35cd521d23,6036d4eca40644c890443b856040cb18,3,,,2018-05-17 00:00:00,2018-05-21 15:10:13
2ca6c7c5cb2f67b7851a952795dae935,06ca213ef85421d96ee0fe529d0f5885,5,,,2017-07-19 00:00:00,2017-07-20 01:27:39
87af62c54568f16f3bd4702da1821a8d,4316640980023505d9d103d3040a85a5,3,,,2018-01-12 00:00:00,2018-01-15 19:20:50
6e46a2a8181c5fe9ae54f7686b500bfb,b1498d9178bbadef1684ec3c4413cd31,3,,"ola vcs mim mandou a chave errada de 13 mm é uma chave chinesa de péssima qualidade,,, o que eu comprei foi uma Chave Biela 9 16mm ok eu agora como ficamos ?",2017-03-08 00:00:00,2017-03-09 14:25:49
677b7db4d63170fe5adf8fbe686610c1,4a0217620e6f7eeca8f035dbbd03a174,4,Recomendo,,2018-06-13 00:00:00,2018-06-20 11:12:31
8791beebe13573937f46dd9f7add46e6,2a940654991b7eaeb541171e5e1d497f,5,,adorei o produto recomendo ,2017-02-18 00:00:00,2017-02-19 03:38:50
c1ab95ce69c480548957b73ff0f59f10,75d87a7050b2959f4d5c51a28525e2d7,5,,,2018-01-25 00:00:00,2018-01-25 22:34:31
17239cb0a9a7f69461f9e51a99242e23,34e7cd696a9d01f8a95731b8d4508ef2,5,,Chegou antes do previsto ,2018-03-06 00:00:00,2018-03-06 21:15:25
de1abb1ab79db1d78fc0b007ca1a1f6e,11ff2af78a9ec50c26f9cbbc62a10d38,2,,,2018-02-17 00:00:00,2018-02-19 19:07:19
2fe6dbd2dcd834bf519cc4ebb68ba738,f4b85a796ab70afd964c35ac15b29fa4,5,,,2018-08-16 00:00:00,2018-08-17 00:15:39
8fd6349b3cbb55fbcff9dc4982daf622,2f10477788160831a76bb28cac8bbfb6,5,,Produto chegou antes do prazo. . Adorei. ,2017-08-17 00:00:00,2017-08-19 23:23:55
a0b981fe42da337619fdaad1f56c11a7,64d142a53c93d55b6809d20d06dcd951,3,,,2018-02-01 00:00:00,2018-02-04 22:43:08
573941bc964885f289b454f34ed4aade,c11daae957ee4447f2aa894fcdf28cac,3,,Embora tenha recebido corretamente acho que deveria ser mais rápido entre o pedido e entrega,2017-12-28 00:00:00,2017-12-28 21:23:22
f94649eee6ae62ba118c15d677a2380e,48fe5083b6d757cea683f2f5f35e6703,5,,Produto entregue antes da data. Recomendo.,2017-09-06 00:00:00,2017-09-07 09:00:51
ea352bcc1e5243e54fd3f82860b0925b,6c2c28420cb6865ced69f6c260c27c24,5,,,2018-04-14 00:00:00,2018-04-16 16:39:26
012e3a6c9f7f897f931c174cf10650ea,b5e1bf00261a7bbaddb0c3a06e63f039,5,,Gostei Recebi o produto no prazo certo.,2018-03-24 00:00:00,2018-03-26 20:35:51
bc9b3289b5b11c1e858b143220f519cc,e0aa66d7588bc46f68bf32d34ab6562d,2,não recomendo,"recebi os dois de cor errados, já enviei de volta há uma semana, e não tive mais notícias.",2018-05-08 00:00:00,2018-05-17 15:51:08
7175cad4105b8290c14bedb7a1346ae7,a25f8c8c17243276e72fca0857e94789,1,,,2018-01-06 00:00:00,2018-01-06 12:45:54
8130c31f58f5a294ee5f9602c12e6078,2a5d9a5a8aeecf75120e38f1249a32f3,5,,,2017-06-21 00:00:00,2017-07-03 13:33:04
abc0790cb4f5111cdd5b85fdd108b563,934ef038209c91cc0ca47c0fb29e2f40,5,,,2018-05-10 00:00:00,2018-05-11 02:32:04
7210013d1d7478bd9207fa34d4b88e46,2143393cca994a4b8235bc1d67ded772,5,,Tudo ocorreu bem e era o que eu queria,2018-03-06 00:00:00,2018-03-07 18:17:03
ecb44c71f8b49efc73480a9dffd2df37,3609efe3e67d76fc425ba5fd19fd4bd5,5,,,2018-03-16 00:00:00,2018-03-19 12:35:54
da51f4dad4464f71a5ca197a3bdb5aa1,e5467d4750f397c79149b122be02fb1e,4,,Comprometimento com a data de entrega.,2017-07-01 00:00:00,2017-07-05 01:15:58
06d9039ab6aebe0fd9715f3a0cbbc7dc,5c1cabc415efcc828343f3b4b284b026,5,,Tudo correto,2017-12-06 00:00:00,2017-12-09 03:29:17
a91c4b101a3cbc014f12eb0bb8259c9d,9436cfaa861428f70a41ac0a7e91d752,5,,"Ótimo produto, entregue antes do prazo.....",2018-05-19 00:00:00,2018-05-21 20:07:29
232c96ccef267c81d18f3767192d9f8a,07e2767fa261c1d690924d6d3baa379f,5,,SEM QUEIXAS,2018-03-06 00:00:00,2018-03-08 18:28:12
7df47f50d2ddad0edf25e8017449459d,7bfe238bd2ede94073ec8c6c64509b90,5,,,2017-05-03 00:00:00,2017-05-04 13:29:53
6ac21af8cfe1d008e7e68427579862a6,390e5f12e01c2af04027580e4cdde515,5,,Amei lindo recomendo sim,2018-04-24 00:00:00,2018-04-25 00:43:35
63b214a48533cced87a250b56c541d01,c2ef540e16617cb62d8c9d0bb874a498,5,otimo,,2018-06-25 00:00:00,2018-06-29 14:35:51
36c26156fb7ec391e1caa50f6ebeae31,123eb6c42fb774382bf82e6a332af592,5,,,2018-03-06 00:00:00,2018-03-07 18:31:28
320be147ed4a0b8b8eef9de9888f0f45,1ada38b97a26793e53c1205050892669,5,,,2017-09-01 00:00:00,2017-09-02 13:19:58
c0695c788911b5c5ffbca894af2a80d1,93ecdca779367b3806aaae30a8b19021,5,,muito obrigado esta tudo certo,2018-03-22 00:00:00,2018-03-25 01:11:00
b971b0d2cbb3a7afbcc1e81a2378a9a7,2121cb62043eb2269ab8bc218100c2e4,5,,,2017-11-08 00:00:00,2017-11-08 16:58:38
1912499a72949199194a50a1e319ac20,3decc053f76f6898aefed9c29e26e2b7,3,,,2018-08-30 00:00:00,2018-08-30 16:47:02
ff5a7a095cc5ddb6db4518438daac7cb,a9e41421a906ed1a2e2c882a0cfecf48,5,,,2018-05-19 00:00:00,2018-05-21 00:21:40
a84375539025a5556aa2bea99a9455bd,a4575978f0926901f0b481061a24d73e,4,,.,2017-09-12 00:00:00,2017-09-13 16:36:22
720abb3f22edb67eb531b13a6c5888a0,6522386fefd98cf9293642fb5dcf9342,5,,"Ainda vou esperar meu bebê nascer para usar, mas o produto aparenta ter uma boa qualidade ",2017-12-30 00:00:00,2018-01-03 21:14:44
9ee445208faab030c9ac1c1189a18379,963ed653f00e0f3db85dc163baac579c,3,Entrega antes do prazo!,,2018-05-10 00:00:00,2018-05-11 14:19:28
b2b8d3f794e2191353d1f077c73a2ec4,1b882405b224816e178cb5b5cfef9519,4,,,2017-05-16 00:00:00,2017-05-17 18:34:12
74ebfd1952deabc7b804d6db2a37a859,3a2012438f0919dc24e43b9e8b21c4f1,4,,,2018-03-24 00:00:00,2018-04-05 12:30:26
4e9b0275037cbf0c4363f508e838ba29,810c5451b24e7565d14608ed85dd3624,3,,produto bom,2017-09-19 00:00:00,2017-09-22 11:26:40
fcc0e3207bb1ccc26a86534192ee1392,3b48b36a80274ce463ba3def46d6f998,5,,Rapidez e eficiência.Produto entregue no prazo correto.,2017-12-19 00:00:00,2017-12-26 23:58:30
c437b6cb79213b855c7ea470268527b6,34e52c9f5c9ec68a599473a73c06a782,5,,,2018-03-09 00:00:00,2018-03-12 18:19:10
873274541b25b5f9bc6f0db9ac13c599,47eb4e8c8baad88de8c4eec4c107c698,3,,,2018-01-20 00:00:00,2018-01-20 21:27:16
d033f9872bcaf43871e611486b3eb182,491a1961ff53513a57fa193570a11311,3,,Visor do fone td arranhado unico problema. ,2017-08-12 00:00:00,2017-08-14 05:06:27
91093508c9fb2971dd8beaea660b9730,c7f036825b3a87b42323205cee8a693c,5,,,2018-08-08 00:00:00,2018-08-08 08:52:22
9c134952649c9d503cc0ac00bbe2abd2,e3f593928ae2e5fc7463fe3603dd3e85,5,,,2017-06-01 00:00:00,2017-06-02 04:37:24
7e2fc03c3df9c90bafe1a2868828b6a8,156ba06ab4556cd19613dca1cefa9f7a,4,,,2017-08-22 00:00:00,2017-08-23 03:27:59
bf886022cb9e06cf0b6191b9c4dcb934,612d5630822f4796875619b3a6a7b481,5,Perfeito !!,Muito feliz com a compra. ,2018-05-15 00:00:00,2018-05-21 19:22:56
3774e4ee8b21a8c63bcc268943800cbd,577e6fdfae22d140e0167cc4a674c1a0,5,,Perfeito,2018-06-03 00:00:00,2018-06-05 20:31:56
079b641979f340c789f05b5606375134,daec7c006304b60ca87044f26409ef2e,4,,"Recebi o produto, a capa é boa, porém a película não serve, meu aparelho tem a tela curva nas laterais e a película não acompanha, assim sendo pequena mas vou usada até a comprar a correta.",2017-08-24 00:00:00,2017-08-25 01:10:41
eff47394b6131fd851f083c821e4338d,33c011fdacf02b14181fcd81f4b5ece0,5,,,2017-03-31 00:00:00,2017-04-02 22:59:58
d3e4626b409068e16ced20f9dbccf88a,b6acc7697ffc9caac96d5d86d80ea71d,3,,,2018-02-28 00:00:00,2018-03-03 13:47:20
d9e04714cb417e5e67f6acfc5dd8b575,c7d894c7be2eb461fb04d81e82f0814d,5,,,2018-03-15 00:00:00,2018-03-18 09:21:23
0c716fece1e96164967892aeb8d515ef,4431c5cb9924f46deb9eccfb159cf340,2,,,2017-12-29 00:00:00,2017-12-30 02:22:53
7423cc19b8600ef75569bde0f3b4f9ad,d56bf2b8f9b6cdae985b4a4904d98a07,5,,,2018-03-29 00:00:00,2018-04-03 14:51:20
d3ecaf8994a53008b772f263f5454664,dac8bbf73624993402c1e7481bb37ee5,5,,A entrega foi muito rápida.,2017-06-15 00:00:00,2017-06-16 14:17:21
af84eddbd4104e51275241af35732ec2,e8aae0a8c069453ead56360bfdf31d76,1,,,2018-03-25 00:00:00,2018-03-25 12:39:56
77accb78f7048e71afc36effe54b7ee9,103de323ece563a1012b4b6adf5a81b2,5,,,2018-08-29 00:00:00,2018-08-31 11:27:53
51b9186876d4708a91786f8517fe7106,000c3e6612759851cc3cbb4b83257986,5,,Recebi td certinho antes do prazo! ,2017-08-20 00:00:00,2017-08-20 19:56:31
a41525afaa2ff34a9aa65c045da371c3,50cc103bda59bd29c59f33e00e19b4e7,1,,A espada veio quebrada. Tive que mandar arrumar ela,2017-12-29 00:00:00,2017-12-31 19:31:56
f33371d091946f755c0f8cd10fd05050,69aeb590d8f4455ab0bb6b95154c2742,5,,Entregue bem antes do prazo! Produto chegou em perfeitas condições! ,2017-09-05 00:00:00,2017-09-06 01:15:56
d67f8f786fcda215b5a7dbffa9a9e786,3ae04700e729d283cfd0b9d1f9fdfec6,5,,,2017-03-12 00:00:00,2017-03-12 13:04:07
ffa7049224ae75fce308ae1a4aacf1c4,57d94aaa6b72ca15b3e4801c6d5c0959,1,,"Solicitei Toner CB436A e recebi Toner CB435A, preciso que façam a troca do produto.",2017-08-19 00:00:00,2017-08-21 13:11:31
f932f010d5b732c7fc75b55e3e6ac4de,d86e65a13d3e7a90d876cb6b9064f1ac,5,,,2018-08-15 00:00:00,2018-08-15 23:45:33
0404772f348123eb7e3fa82896ea8a2e,607e1a17f3e649f24abe13bb0dd25abe,5,,,2018-05-23 00:00:00,2018-05-23 22:03:15
9681edba3f4b7a6edd3925ec6d6edab7,f3ace35a38b59892c97c14e9eadbc923,5,,,2018-02-22 00:00:00,2018-03-01 20:43:42
2516f4745288a788924c004eeb5e9830,5d146abaaa0996f8cabcb5a3fa96bad7,1,,Eu quero o meu produto ou meu dinheiro de volta!!!,2018-02-08 00:00:00,2018-02-08 15:40:46
d9dd9569b5102b5bb6b3460bfcfc4e14,47f3a8b9c3d8dffb6f878768c73b0971,5,,,2018-04-18 00:00:00,2018-04-20 16:47:09
30cf1279b9434ff3541342b8c4bcb6c5,8c2a179300bd39a4eb4ef85647f8a68d,1,,"Site dos correios informa que foi entregue, porém o produto não foi entregue.",2017-07-08 00:00:00,2017-07-09 05:38:38
729cd3fc494e99426ea54aa181c4b011,c0364ee18a0b18e6da5e7754cf4f4e8a,5,,ok,2018-02-27 00:00:00,2018-02-28 16:05:49
f87b67c126dbceb8e017d8c1d624c029,07ba523a0c48b0ae0920551684e13ab9,4,,"Mercadoria entregue , conforme prazos e regras acordados. Recomendo. ",2017-08-19 00:00:00,2017-08-20 10:44:22
267a55ced173df5e48fd36185ff1ba12,9217f2cdc9ff59c50fb2542e2b1f31a1,5,,,2018-07-07 00:00:00,2018-07-07 22:06:32
d595b199bb4b7614b1064eeef3b368b8,343249b827e700995c0f620f5b51c15c,5,,,2018-04-19 00:00:00,2018-04-25 23:17:34
d43e4fb355c935ea2a808823087af8c0,ef524a601004635e7bd1ec43937e961f,5,,,2017-10-25 00:00:00,2017-11-06 15:39:48
ac33a0246cacad3c1637513b10959d24,683eec123803850e3e35c40fb6d5dbf4,5,Satisfeito,,2018-06-15 00:00:00,2018-06-16 03:14:58
fa336fff0cbb2d8c4b04db2e33674afa,abe1510142dfb06af1ac26425e538cf0,1,,O pedido chehou no prazo certo. Mas Precisa melhor,2018-03-08 00:00:00,2018-03-08 21:41:38
0b76e15c1b6deff4a3a92331a8e0996f,ae7dc97e75f7b915af6ef838d96df18a,5,Recomendo,O produto foi entregue correto e até uns dias antes do prazo.,2018-06-05 00:00:00,2018-06-08 11:58:48
dd8ff402b29b162086ae2b38b7337231,19c69edb627a5967124863535d497453,4,,,2018-06-09 00:00:00,2018-06-11 12:04:04
7dccf32d86d6762b49fa09d6900cbc02,8712dadcec00a4826a72ac3431a3ced1,5,,"Entrega perfeita, estão de parabéns toda equipe shop timediatamente. ",2017-10-04 00:00:00,2017-10-07 03:20:13
d8389ffbfa76fe0367a8ad66135f95c9,bc7401d98fe2814849de2404e3ebd9ad,4,,"Depender dos correios hoje em dia coloca a satisfação do cliente com o fornecedor em risco, pois os correios, não são precisos em seus serviços. ",2017-04-29 00:00:00,2017-04-29 17:01:37
b192d16b9c49cb52d1bb00b267f9c989,17a0d6c98b2dc14bfc378f1ebe19b11b,5,,,2018-04-04 00:00:00,2018-04-12 14:52:10
e6f96878b91abe00b64955d61141781e,b467baaa7d5fb3f77eed1cda6438100e,3,,"Pedi 2 unidades e só recebi 1. Paguei por 2 unidades. Quando vou receber a 2? Aguardo resposta. Recebi 1 unidade no dia 11/1;
.
",2018-01-12 00:00:00,2018-01-15 16:01:12
67af44b161522b230b72403e9f1d09bd,cefeab80d083e2aa4a0a526027bec9a6,5,,,2018-04-24 00:00:00,2018-04-25 11:08:27
c509ba9cdc3a1e2f3d963baa031d93fe,6553bc307b0ce8eded2609f0008ae2bd,4,,,2018-06-14 00:00:00,2018-06-15 04:08:01
3727d0f66672933bb3b4398a3dcdb9e1,7029824369e12a2c4102565ad3f2bd50,5,,,2017-11-01 00:00:00,2017-11-02 01:11:40
3cd484f849644e2f736c8fc067bc4d59,60d98124c3228470422ecadff6550e3c,5,,,2018-01-06 00:00:00,2018-01-11 23:33:21
b24c511dbe3c9594a341390d4da37e51,499f4d2d2bf250a1bb18ca1feab13262,3,,,2017-12-12 00:00:00,2017-12-14 22:26:56
7833680b3f3a6cf2ee4f1af86f57ebc4,efff0f02714bda94c05b552d6603f6f9,5,,Ótimo,2018-02-10 00:00:00,2018-02-11 01:20:18
896868ccab0573ea9bebcb28a306788f,adb5229ba2403ffab5e2b7cd6e33459e,1,,,2017-07-08 00:00:00,2017-07-08 11:07:43
ca2453e62313bd4154d613e10476844a,204e562a760b68ad78d5032698bf6840,5,,CHEGOU BEM ANTES DO PRAZO. BOM PRODUTO,2017-06-27 00:00:00,2017-06-28 10:18:23
3a5a10d592a6e639cdb9330c9e6d2a87,5290c34bd38a8a095b885f13958db1e1,3,3,,2018-08-18 00:00:00,2018-08-21 00:47:13
dbaf79bb8eb1e3ac3bea731852711820,ed9ddf13b205161d8ca32de15a50a5c7,5,,,2017-12-20 00:00:00,2017-12-25 23:04:55
c1a2867f9c62905fdc7ff5d7ce7d12e0,640ca05ba049e9ed749671747bf9de74,5,,Lindo amei tudo certo chegou no prazo de entrega amei o quadro muito lindo recomendo ,2017-04-19 00:00:00,2017-04-24 13:25:04
c9b660735e89fee3ad4cb8827de985b1,049ac54eda25ad838a76c65dcfd27c9a,5,,,2018-08-18 00:00:00,2018-08-21 11:10:57
e3b601320b0f2e77222839ba8d7acfe2,94e43121a0232434f1ee7c1888f2cce5,5,,,2017-03-14 00:00:00,2017-03-15 11:52:41
c057776ef72b6bf01392eeb8b4425a00,b4d85d4356b0ece0e421f5c58d757107,2,,"Recebi um email relatando que o produto teria sido extraviado e fiz o cancelamento pois era a bolsa de um bebê 
Comprei outra e agora recebi a que comprei com vcs agora estou com duas mercadorias",2018-01-11 00:00:00,2018-01-11 15:54:38
fe450c8880583efbf19210a31fe5d3e4,3cab5c70f370e7fa810658c551f8e2ce,4,,,2017-04-04 00:00:00,2017-04-06 16:48:12
c9d6b4ca4ab16ca35058fb39a6d492d6,b081a26ca9566254713995a623e0941e,5,,,2018-08-17 00:00:00,2018-08-20 11:02:24
a05fd0c894da95d7570318fd555f2496,2e3258f81be08e497abb202cef0c0303,4,,Não consigo opinar pois produto ainda não instalado,2018-03-13 00:00:00,2018-03-16 00:30:55
3143e63b3c7e660ed8de2a0218562b4e,3010db5aa9feaeb7bf56382abccca96f,5,,,2018-04-26 00:00:00,2018-04-27 16:33:04
48e163e646da8c8762f088a11068e151,3fa59277573f0fe06ece044ebec2eb02,5,,,2018-01-23 00:00:00,2018-01-23 22:51:03
f976c31d48dab4ecbc7c775bd95728a3,129c58b77c85a73933e98de57c705559,5,,Muito bom! ,2017-11-15 00:00:00,2017-11-18 00:07:11
aba0d47e312d35508e1e52d882f31049,592791e8c354caec0617c0ac1a9fd2e8,5,,,2017-12-22 00:00:00,2017-12-22 20:59:54
7b4a8cb23e1bd862d25196aed1bd98e0,688e3c66bdfcae1321349fd70627b84c,4,,,2017-06-30 00:00:00,2017-07-03 12:42:16
ecfbf704562a8043c8298864c0bd7587,3c4bb13fb00d3bc789b3dca0789480a5,5,,10,2018-04-19 00:00:00,2018-04-23 01:44:19
8f46c2054281531c1251d5639a8cbbdc,38d267f455de107fb8f352cf99d2042e,4,,Atendimento de boa qualidade.,2017-03-10 00:00:00,2017-03-11 19:10:39
94af75fbd4844dcaf29e2c3008d6c735,64b644100b812930de2286f0b999ece7,5,Lindas!!! ,Amei! A luminária é linda e enorme... Apaixonada ,2018-04-28 00:00:00,2018-04-28 22:47:10
5b3ebd7bf30ecc28d463b31631e56eac,3bb7e15f832b43684ecf3640069145d2,5,10,,2018-06-07 00:00:00,2018-06-08 01:45:32
3e73551fbcd91f7cc5bc1eb8402a3c87,a48b334c5fecb11f072a3a98ae5d200f,3,,,2018-01-11 00:00:00,2018-01-12 02:07:02
558305b78205a8778f15427976d4a7dd,23e7b127e0b192c6d4d455425d54d44e,5,,,2017-11-15 00:00:00,2017-11-23 11:35:58
dab70a34dc291da15a7536509f24c1a5,9941c14602ccbe66611b6a4b8fe01d99,4,Recomendo,Super Recomendo,2018-05-12 00:00:00,2018-05-14 11:29:59
c285512bf629740dbbb29fe26850bd25,e31ea4183de6b416446423888f5dc3d8,5,,,2018-05-18 00:00:00,2018-05-20 23:12:44
b03fd3d50612e8ac31f1166e70d7c349,ea5a4621227b0158f41da12e948e6267,5,,MATERIAL DE ÓTIMA QUALIDADE,2018-01-16 00:00:00,2018-01-16 18:30:03
aeb0ebdd1d76a6ad17ebd2886820afc1,177777137ce0af9e9cd2cff572728cca,1,,Me entregaram FALTANDO um vidro de perfume,2018-03-01 00:00:00,2018-03-02 11:03:47
75edb5d992dbea6db66353471144b0f6,a4f4f63d38c826451e0f6482ed4b59d3,4,,,2017-09-06 00:00:00,2017-09-07 13:19:48
99eadc591a8891e0ec5b79ac8a476f93,366446679f4ddbffb2d8934f1abef1f8,5,,recebi no prazo e recomendo muito bom ,2018-05-01 00:00:00,2018-05-06 20:02:33
d3bb1f0f5352283720eef94e9c7f02ad,d142e450e61b3eabff86c13e6a89a720,5,,Obrigada chegou corretamente.,2017-09-19 00:00:00,2017-09-20 10:36:37
82a5680f257f7cf41191e6248115be61,c039d465e2d9486915f6356a2660e66f,5,,,2017-11-08 00:00:00,2017-11-13 09:23:17
93dfdec4d64a188b5e64aa5ecfc3b22d,72c3f657842e35f5d5279cc0fd06826b,5,,,2017-09-12 00:00:00,2017-09-13 14:51:01
28dc61030c79a15ee9baaaabe2f51ae5,6cee580f42792d77f81c03cf6aa73423,5,,,2017-05-19 00:00:00,2017-05-22 12:41:46
b7cb211c2710831d807e385542394418,6305aec3fc288054e3c30457795f98a8,5,,,2017-10-18 00:00:00,2017-10-20 22:36:59
fd605bc9538a2d5a4fcf5198d003aea3,539dddb1ac06e5b2d492d27c95d05504,5,,,2018-02-28 00:00:00,2018-03-03 09:04:56
0406cfcc77f9f58c9bbb3981fc98b2d4,e35cd7f16895b57bcfa47358049adb16,5,,"O produto chegou na metade do prazo, em bom estado.",2017-09-21 00:00:00,2017-09-23 02:27:00
9fe347507e7601e22cc0e4348f54a556,4cc22fa6b7267027aac4151271636112,5,Excelente loja e produto ,"Facilidade de compra no site e entrega rápida, produto atende as espectativas. Recomendo 
",2018-08-25 00:00:00,2018-08-25 13:29:03
1a6fc743f7685f4a09faeb287971bb0e,ad47c55e7dc71d935ccff9650ff1beb6,4,,,2017-10-29 00:00:00,2017-10-31 18:05:45
eaecb9595096ca4462344305675a9a2c,aac88c8074f903c76fc8616b924ab3e4,3,,,2018-08-16 00:00:00,2018-08-16 11:34:36
9fa982139942d4a241ab8e0e832ff270,9cd721f408e8bf94b981ebe34f7007c4,3,,,2018-08-02 00:00:00,2018-08-02 20:44:58
2ab115bf611e323b0564aa448853f41f,6db73c4db61f029be8214914360f51e1,5,,...,2018-03-16 00:00:00,2018-03-17 01:07:46
b983079b8107c89a10f9a7c373d24c73,4d5cefeb0501de96acd522c3742d3d04,5,Òtimo,"Sempre compro nas lannister e não tenho nada a reclamar,tudo perfeito.",2018-08-30 00:00:00,2018-08-31 11:45:34
161599190455cba07885b8354ff07fde,2cfc25c768542047dde9549da3f65fa8,3,,"A loja me enviou a película azul e eu tinha adquirido a transparente. portanto não vou usar.
",2018-01-18 00:00:00,2018-01-19 05:05:57
7c774d4caf9b1169793c48240eee3fae,2e266d1d2bf4cdf6d74ee51b92bab016,5,,ENTREGA SUPER RÁPIDA. PARABÉNS A LOJA E OS CORREIOS.,2018-03-22 00:00:00,2018-03-23 01:13:16
78514277e1c3e93337b3c5f11b2fb9a3,ef14069256aa13ccc53f945fd0aa70ff,5,,,2018-08-22 00:00:00,2018-08-25 18:17:19
89d30c87450c56039355323570c29a99,9c90fbe071e26ccef32878449010af00,4,,,2018-03-01 00:00:00,2018-03-02 10:59:03
499e6424826bcf3b2acb7cbeabc24529,5fdfdf9c7e10eb512c9ba20fdf28e632,1,,"Comprei um BALANÇO INFANTIL, e me entregaram 06 xícaras de café azul marinho, com pires, sem valor comercial algum. Como não sabia do erro a embalagem foi aberta.",2018-01-28 00:00:00,2018-01-31 13:39:01
a4ee05819ee4e1f2038bc6205c9b7499,b5e8d13478ad66ec57d480c9e00abb39,1,,,2017-03-14 00:00:00,2017-08-18 18:36:51
afa4acd2e3fcd44d8a86624b86adccf4,cb5664b27c8e72cd9197d6cd259a0946,5,,,2018-04-06 00:00:00,2018-04-06 12:17:50
5cc5bc8bd07f30ac9c4e0902ab8e1f3b,9270e213f22a5c0c65322feea6979af1,4,,,2018-08-24 00:00:00,2018-08-27 11:56:04
1b65a852522267e61f9457a77c861ca3,95fd02c37f493e9525e3d3c1ed54653a,3,,,2018-03-02 00:00:00,2018-03-05 14:23:08
355977d5ce8888845907ccc87f785183,dce5adb99dbd09afb1a7b9a402df9f98,1,,Não telefonou nem mandou email pra informa o q está a acontecendo. Com a entrega uma bosta essa empresa devia fechar de tão ruim q e o atendimento ,2018-04-21 00:00:00,2018-04-21 12:25:19
d6a49b0311ef42bfb270861035964fcf,fb1d06cccaa9f157355d83d52634c957,2,,,2018-03-28 00:00:00,2018-03-29 14:36:47
15c9136f43468a8428316d9871eaf14d,26a887fe1515ba3501b5154e443ca899,4,,,2017-06-06 00:00:00,2017-06-06 23:02:21
dec34e85d1cc8f63e132f6bfe7734114,a9b40a5190a294e3d8f733c1caf32934,5,,,2018-03-06 00:00:00,2018-03-07 13:30:06
989b3bb8eda22c1a26ff318e0ed0e853,351c9272da4d3af9d74d3b30ee84cdde,1,,"Comprei um quite de tesouras fio navalha, mas não recebi o modelo que foi escolhido pelo site",2018-03-01 00:00:00,2018-03-02 22:33:10
fc0977fae7de8b2aa404977763d0f1dc,17a99f37c9e5cdf9e15df2b7d7e4df3a,4,,,2017-10-10 00:00:00,2017-10-11 13:52:15
47d67b33cbf80efd31bbef5638baccd5,33d14124f0c894a2390998ae1015abf7,5,,,2018-08-08 00:00:00,2018-08-11 00:11:41
00f4e871aa4c212a739df433c74353f9,035a721e5bfc1bc3f4e1ba0d7923cc84,5,Excelente!!,Produto chegou antes do prazo e era exatamente o que eu estava procurando,2018-08-15 00:00:00,2018-08-16 00:01:58
c940e3e726d0ccbab9aeedf5dcfc3188,db582aca3fc2d44e76fa63eb576032c5,5,,"Produto chegou bem antes do prazo e é exatamente igual ao anuncio. A pelicula de vidro não é das mais resistentes, mas atende ao usuário cuidadoso.",2017-05-13 00:00:00,2017-05-15 16:35:54
c25806826e7dea28ff0a50b2a72603df,e3410c1b2ebfc0e23849d9fd01056878,3,,,2018-05-10 00:00:00,2018-05-11 01:25:22
e5f3262ed713a85b712280747e6934f3,3e6c77a5839517805ed2f8f80e7d9054,3,,,2018-06-09 00:00:00,2018-06-11 20:08:19
bba830119544f94af08f39698c873a4e,2fac55edfd9754d1a0e7ecc67d48d08d,5,,,2018-06-27 00:00:00,2018-06-27 18:33:50
2f9062f4763e12d65c79275852314b13,bfa7102f2f9eb8afc761f1eedb37c744,5,,,2017-04-04 00:00:00,2017-04-07 20:29:14
0ebd1b48053c6ec0a045ff0a38f51b29,b031da90f1946edd12ee2587d53c667d,5,,,2017-10-03 00:00:00,2017-10-07 17:29:50
7652a9854c1534f516bdc17387cb4503,5e5fed142a552be6d6f1e04a800446d6,1,,,2018-03-15 00:00:00,2018-03-16 03:08:59
1fa2fd9ad2400f8eff1695e3f5775529,fea563d194760a0737be8bff36ca8c40,5,,,2017-06-22 00:00:00,2017-06-22 23:23:47
7d535c2ab764e5df6e4062d3d431ac1a,0cc4a0e7b03976348e97bf0721a96376,5,,,2017-12-23 00:00:00,2018-01-02 15:02:16
16b2d15604cf414f463ac1558d48423f,2ab55ce9d54cd19626cf1540d2e6cadb,5,Excelente ,Produto ótimo só que a parte de colocar a CNH tinha que ser maior um pouquinho pra que seja colocada com o plástico que vem acompanhado nela tirando isso daí o resto tudo ok e obrigada! ,2018-05-19 00:00:00,2018-05-20 23:34:58
02b9b8cc33c34bff39300ab85cd9bea4,4ed72b48d55c5cb2ad3a63f2b96dca12,5,,,2017-12-10 00:00:00,2017-12-11 03:43:02
2f0e008db6ef6c2a7cb3773d992cc30f,2b20baf94a095e002981091891209751,4,,,2017-06-07 00:00:00,2017-06-10 00:50:35
47919051ae42159a6fdb42c3b47c9d22,ee4400c5937463920eed95003b8fd459,3,,,2017-12-15 00:00:00,2017-12-15 10:51:56
0467560f511c516ddaa54a60edb0c291,55b2e390d5d80ada31ad1b795ebeb087,5,,,2017-02-09 00:00:00,2017-02-14 15:58:44
f0f0e4b014b947280709107cd4785ab8,04d49c33fa60bbc46ab8514d0811d0e3,5,Surpreendente,"A qualidade do cubo pelo preço me impressionou, recomendo muito",2018-05-18 00:00:00,2018-05-20 15:24:25
9827b9550294d4cf18196f7dcb5a6662,60e3a3852eb45dfe8e9cce6c97c1a1b1,1,,O produto deveria ter sido entregue até 21/3 não chegou. Hj é dia 23/3 e até agora não tenho previsão alguma de entrega. Quero retorno sobre como ficará a situação!!!,2018-03-23 00:00:00,2018-03-23 17:36:58
be62e874f83c741cd16409d87a2ebfd4,09bcbc199f0fa4268cc0122304696ea4,5,,,2017-12-20 00:00:00,2017-12-25 12:44:46
9880fb660018c77ef8076e558eeb49a0,e3ad77f2683cf57ced740ece64eea3b7,2,,,2017-08-06 00:00:00,2017-08-09 00:31:37
c0241e8b8b0e214c575b09aef28d6db6,793a1da0431a53a517bf77cc596a9d7b,3,,,2017-04-20 00:00:00,2017-04-21 08:23:43
7c2efc1a6e4c2b9622f37c36e26ec199,51c68b0aedaa22a0b426f5635ac439b1,4,,,2017-06-04 00:00:00,2017-06-08 01:50:20
b257bbaf49c88c1a2ca2e385ea42c51e,584c738e16c8bf7f525160ad449e103a,5,,,2018-01-06 00:00:00,2018-01-08 11:53:16
ef0351ca715812159f7f5dc8528d9027,2bf01051ff9e5195111fd7ffaf865240,5,Tudo certo ,Tudo certo ,2018-07-29 00:00:00,2018-08-01 01:10:24
35f16b599189f82495bdd35068863945,c9850ddef84ecbf5cbe2c3f4aef7ab6b,5,,,2018-01-20 00:00:00,2018-01-21 13:32:38
0838bda52a94693faae3716b36976e73,456ed1919e7baeb18f95d9c1ab8d2cca,3,,"O Kit comprado era composto por 7 peças, mas apenas 6 foram entregues",2018-04-11 00:00:00,2018-04-12 22:28:03
e685315e0fe2da4ab49baf5f0c3a812c,0c505e1ce394e4cd4ccaedf5fcdbc9b0,5,,otima entrega ,2018-08-02 00:00:00,2018-08-06 00:27:20
1b45db4cfd863c10fb4e7a0fd0d46177,291036f4304c5fb0dc3965044f4a4605,5,Adorei ,"Tudo certo, bem embalado, chapéu lindo! ",2018-08-21 00:00:00,2018-08-23 21:15:24
fe8625ce4cc9d99bb25f9a1cab937edc,e8ab363cd45a4e68e65455199d62b45a,5,,Produto recebido antes do previsto e exatamente conforme o adquirido. ,2017-12-29 00:00:00,2017-12-29 20:44:34
960f5f5e8c385403b3e5bff2a13a0b4c,5f98eca70415773e1187c9309b38acda,5,Excelente,,2018-08-15 00:00:00,2018-08-24 04:34:19
4df83ed075455ddfd0427d42077f8ed6,7b6d60ef9f4bea8469da80168c894820,3,,,2018-08-15 00:00:00,2018-08-16 06:47:39
03fa382fe4b4408393e440af6a96ebd4,613d338b0c2fb3b1dd0a73d6f3bfbdcc,5,,,2018-01-19 00:00:00,2018-01-20 03:03:27
ccfa28e52e266b1315d39f6d5a7458ed,27be2d9a863635e6a3c6b616cd179798,5,,Exelente produto e a entrega mais rápido que o esperado...,2018-08-01 00:00:00,2018-08-04 00:24:55
f036604ea781f8d231facd99584692ec,66c0ba5488a397208076ece07748d0fa,5,,Ótimo,2017-09-14 00:00:00,2017-09-15 02:16:28
c30268d806697e2222e99691a0687d2b,8cbb6ada60ae90f4d6f76d2a7bb5e085,5,,chegou correto e rapido,2018-02-16 00:00:00,2018-02-22 23:19:59
739bea45a94886c72597461e66ece910,d8a72b506828f3aed76e36c3f4fd47bc,4,,,2017-10-18 00:00:00,2017-10-19 11:11:48
1543b554cf4e7fbdb0d55dc119adf3bb,55f4f83d7685e3e84fe9ee9fdc7c953c,4,,,2018-08-18 00:00:00,2018-08-19 21:01:24
831727d2f7296efc560689a49f30043c,07fc346abda30b632be799f5b4be2bd8,5,,Cadeira confortável com ótimo custo benefício.,2017-07-28 00:00:00,2017-08-01 15:15:49
69f66c86b1efeda67996434fd6fb97be,0987ca7d6618e8d1a3bcc49207d6f713,3,,,2018-01-07 00:00:00,2018-01-08 14:33:54
66e9755f09f14d6cc9907b12664a971f,43c0147ac5c2cd461632f6b12eddf8f6,5,,Material de boa aparência.,2017-10-11 00:00:00,2017-10-13 12:34:38
71b700d07ce366e34a309b42a4fde475,c6af04c6a72b5d587a620ad29c41dcad,5,,Tudo conforme o esperado,2017-11-17 00:00:00,2017-11-20 11:20:59
87499a0a88ed30198a2f7bf6313f8414,5ba242824fe39eba234565e3f8c174be,5,Entrega SUPER rápida.,Amei !,2018-06-26 00:00:00,2018-07-02 18:41:58
42bb1087f685e5e44b2a7a7ecd1f19f7,7ae184e266d3d177c278f71f228b5ec6,3,,,2018-03-23 00:00:00,2018-03-25 15:19:32
c189449ea1f4f229861f542c3fa38714,b4ef4b05fef13db5a94b0ccd497c521c,1,Péssimo ,"Revoltada 
Falta de compromisso, comprei dia 12/07 e só hoje fui avisada que não tem o produto. Mais o cartão vou ter que pagar pra depois esperar o reembolso ",2018-08-03 00:00:00,2018-08-06 17:41:41
18b12d8b70030d68f881bf7aff7d2a27,b62fb8675350e9d26562d21d74f310bc,5,Otima ,Muito boa essa loja recomendo para os meus amigos entrega rápida e eficiente muito Boa mesmo,2018-05-09 00:00:00,2018-05-10 01:05:05
972af321805debb981796f0c49c707c0,77e9941864fc840be8e4b1ba5347c0f7,5,,,2018-08-17 00:00:00,2018-08-20 11:43:17
1d17142c9cfb062884bc2b9e57b81692,a0147b55f1d225bb21f981e58f735589,5,,,2017-08-29 00:00:00,2017-08-31 22:10:00
8bce7bce595e8cec46cb9ec17b918708,6371383f8c6f8a72ff10050cf92adab6,4,,A entrega foi dentro do previsto estou satisfeito.,2018-04-04 00:00:00,2018-04-05 08:23:32
c4981a26586b187e812a73fd6ca6cfd5,e38fb0d87dea5ab1a9c8e257fa716b80,5,,,2017-09-23 00:00:00,2017-09-26 01:28:28
89e36888c39685c524a74270824e9fdb,65fc7195f2f70e60bd81a12c69d7389d,1,,Mandei diversas reclamações e somente um foi respondida porém não atendida.,2017-08-11 00:00:00,2017-08-11 12:03:41
ff08e2f4f27860a725f9cc8146a98a4c,ff29c7cdeea12d00d7b40d4879cce688,4,Recomendo,"Para quem não é extremamente exigente, recomendo. O produto veio com pequenos arranhões mas nenhuma avaria. Tudo ok.",2018-05-09 00:00:00,2018-05-12 03:50:50
56c2db16bd9cb0ea2e5551c7341f093f,7511a8e7c7e991e0e129c3fa111404c4,5,,Produto feio e não recomendado. Loja ok,2017-08-26 00:00:00,2017-08-27 10:49:46
aa8aed9f910f304824acc78854ca2c9b,ab463224aae0075d819f1a6a7d99e9ab,5,Super satisfeita ,"Adorei, era do tamanho que precisava.",2018-07-31 00:00:00,2018-08-01 01:01:07
f926b37d0ddfd922f65f26221ccb309e,518556dca9ef8c42a63ae02ced2a479b,4,,,2017-08-04 00:00:00,2017-08-07 13:15:49
a9781c35b6cf3aa30a6567de97731c45,28a58d10c5ce66e99e4edf25548e1a0f,5,,,2017-05-22 00:00:00,2017-05-22 21:27:48
b69483f8c2b7e9e8c747c5f054dd684c,ccab2293e0214590eace61fec5947f04,1,,"Comprei 4 luminárias e até o momento, recebi 3.
Já liguei para a empresa responsávelpela entrega e fui informada que devo receber logo a luminária que falta",2017-10-25 00:00:00,2017-10-25 23:09:31
46f9879699b4e03b66bca19214c5eadf,1aee3456393950993d316010ffc4088b,4,,,2018-02-04 00:00:00,2018-02-07 00:02:59
7f6fa9d9dbd9d037c2c31af32792f622,eee612addb28b4837f3a8d9ce54e31f8,1,Não recomendo,"Empresa targaryen, vende o produto e não entende nada sobre ele.Manda procurar uma fonoaudióloga.",2018-04-26 00:00:00,2018-05-06 16:12:29
34376260df767df1257625edb3fb23e9,469872bf23abc5c0ce6db24fd6fec382,5,,,2018-05-15 00:00:00,2018-05-22 14:40:54
970d116dff1c32cf15efb6cc4b92dcc7,d67fdefdd78c824692a1f0cab56e71c5,3,Lindo porém frágil.,"O pendente é lindo, vermelho super brilhante igual na foto mesmo, porém o alumínio é muito fino e frágil, se tivesse visto o material antes provavelmente não teria optado por ele",2018-05-01 00:00:00,2018-05-03 00:09:35
d1c00b8ef47b374d4c36284ba8775931,f2a150c813c1eb96fd1883c1ed8fd9e5,5,,,2018-06-28 00:00:00,2018-06-30 21:49:05
8721f0629397766c7fce4393e4613bcf,514290e30cb76393d6623ca6d7d79ee0,5,,,2017-03-22 00:00:00,2017-03-23 01:02:29
d9ce59ae9751ae74716d1ce88c26973e,e22988df4a8a5e701f32adc32b5d5fb4,5,,Entrega adiantada ! Ótimo ,2017-12-20 00:00:00,2017-12-23 11:46:17
05ab7dd98f93298862a3c941f6174437,44c4f29a13457f2c0e36f5520a215609,5,,,2017-12-28 00:00:00,2017-12-29 21:04:50
16c23d8429f1e5a394285a632c7ae10b,289d1ce30c672184ba3722d783df7628,5,,,2018-03-08 00:00:00,2018-03-08 09:45:49
7db58df8342aec923cc6cee62f554785,7d51d88244e80164e317acbec4b7c643,5,Bos,,2018-06-17 00:00:00,2018-06-17 15:45:11
ee74d5eb0c18f99ae93fe7e749fc9e94,ddfbaf4d75ab8f1a0db775cb0dad0e6e,5,,,2017-04-12 00:00:00,2017-04-13 02:47:45
988c5a2741ed260884808e4747467572,7a92d4bffc8f086e16f610875cee431b,5,Recomendo!,Recebido antes do prazo previsto.,2018-08-28 00:00:00,2018-08-28 19:16:29
a50cfbc9683cb01373b6ab41c81584e7,0877034e4780ed6345f93f2c0e0d48ec,4,Bom,"Produto recebido conforme o combinado, tudo certo!",2018-05-23 00:00:00,2018-05-24 12:34:28
16d5716c759b29e253ae4232252d171a,d9d133e8194b34d22ce9157f4f2ab959,5,,,2017-07-23 00:00:00,2017-07-25 19:31:45
7986db5f35510952830d540c51fb143a,4af8a8384c4092c4cf301aaecfdb5007,5,,Satisfeita com produto e entrega no prazo,2017-06-17 00:00:00,2017-06-18 06:48:30
8499338ed52250cc8ba92dd6c0bfcadb,2204bbb697844bd29a5e76a067ca97bc,5,,,2018-02-04 00:00:00,2018-02-05 17:39:39
0a212cb80dba41f2a7ce7f965f7d98ac,6255b494d1f33dd8dc68c7e80c4a7119,5,,A mercadoria chegou antes da data prevista.,2017-12-21 00:00:00,2017-12-25 14:33:25
baa83e72b031d0c801e5f8d429fffb1c,c0585e6e7446a97905280a732d27ac4a,4,,,2017-11-10 00:00:00,2017-11-13 12:39:44
46667e6f5c3949f1854dc00d1edbc969,8c695ffcf56400764176fd1789ec7fa2,1,,GOSTARIA DE SABER O QUE HOUVE. COMPRO HA ANOS NA lannister E É A 1ª VEZ QUE ISSO OCORRE. ESTOU NO AGUARDO.,2017-09-13 00:00:00,2017-09-13 09:52:40
0e0a69b3130ca45352929c564f5ab35e,0199edc5b01351df8e73a674aa473ee7,5,,,2018-04-04 00:00:00,2018-04-04 23:03:57
b5d6d1223b1ca636b5c7fc17fcf1ab79,6368f15cde8b7283ce52067367693a98,4,,,2017-12-28 00:00:00,2017-12-29 12:00:46
246aade87d29678c2cc759400d0dce74,43e16679b4c9df0ae3d5fefa59a34ff4,5,,"negociação rápida e honesta, recomendo a todos",2018-01-05 00:00:00,2018-01-09 08:25:20
4f6aab75c86c5a8bb060e49bb563389d,67c8cb7add4e205c9021501079bc5f66,3,,,2018-08-28 00:00:00,2018-08-29 02:42:39
d7138d969166e211f6028746a408eb6d,f34349c1787f5a47ace7555af961a47b,5,,,2018-01-25 00:00:00,2018-01-29 20:24:31
e235acfe78c14cdd3e0569b0251ad8d0,d243808e23f60f3895c6a696df710642,5,,,2018-07-31 00:00:00,2018-07-31 21:07:43
4b286e0db2db074238b066a91fe443e0,af19069eeb42e10ffc3f2eadee886c49,5,,"Super rápido, excelente e frete justo",2017-12-05 00:00:00,2017-12-06 22:19:21
55d1417f24d758162e2ed575aefb22e2,dcb29bfbbef4b1df25a15c4e182e8dd4,5,,,2018-07-27 00:00:00,2018-07-28 12:37:55
866b71725cc8f2b54830ea14fe6c92b7,2f1d5b7529ef8603fe34724e65a9f03e,4,,entrega no prazo,2018-03-29 00:00:00,2018-04-02 13:44:33
7233e6b3074a0eef6447fba0a6a1003b,c8fb73e3313c12aa7978cd59adbd0a6a,5,,,2018-07-07 00:00:00,2018-07-12 18:27:45
f5a553f2fef08603b401a73b4d20492d,6b5c69624b2e0a58948ec5cca5449ca0,5,,recomendo,2017-05-24 00:00:00,2017-05-25 12:48:36
7c93bc469d3617c77df6aed62ee09477,bdfe267d7e21481ae5368d063e313f6a,2,,,2018-04-07 00:00:00,2018-04-09 10:27:53
ad7a06efdb1a500e955f00ee1910d062,c9802358e22624de37bfa2d8cee30297,4,,,2018-06-27 00:00:00,2018-07-02 13:10:14
af31ad4377a795684bcfdfae071bfaf8,29e51ca4b5b37a60b607bde44f24d37e,5,,,2018-07-04 00:00:00,2018-07-05 01:58:06
e2e98b4c1eaab3c0cfd39f0585a4f1c5,14b1311682489866d9a6b5c6dbc0372f,5,,,2018-08-04 00:00:00,2018-08-05 12:06:20
dbd03241d302b1b69f346cdf9d1215e5,d77c90347fa4a918af7227743da9ecff,4,,,2017-09-21 00:00:00,2017-10-02 00:41:32
9f41cd8e57e4232dbccd330989c14f79,fccbac503695b663355702609c925bdc,4,,,2018-07-05 00:00:00,2018-07-10 14:02:22
a9fe1a6d29073c52bef137c4b1c6b79b,f38176af08190044aef2fe48eb38365b,5,,"Produtos muito bom e bonito, recomendo!!! ",2017-03-17 00:00:00,2017-03-17 20:47:37
204906556257e740047b3dbf72f612c2,b9942ad6dac0292bceb320c89a3c9736,5,,,2017-08-24 00:00:00,2017-08-25 03:32:55
afd6985760850305a93cb8e333170f26,491f5fabbd1c4d86ab4ae7a2024d7368,5,,,2018-01-31 00:00:00,2018-02-01 09:46:33
2172867fd5b1a55f98fe4608e1547b4b,ac6e61336e852cdc45fe59ada3763a66,5,,Entrega no prazo e produto de qualidade!,2018-02-15 00:00:00,2018-02-26 15:53:18
eb17f1f97de10b2ddb30f09dbb319e4a,b323a1bf3949211f3d9fbc43772534e6,4,,,2018-06-01 00:00:00,2018-06-04 18:34:00
4812b9a4d98fe9c122d18258b159df11,a45fc977eae1ef0ed4504f346d31a0fb,4,,9,2017-06-03 00:00:00,2017-06-06 00:36:29
0edbe207e4a84842de8ce30a7d05a85b,91c52e15672343c61768b4d10597eea8,4,,Rápido. ,2017-02-09 00:00:00,2017-02-13 18:35:40
08c1f078dbcffa9b6ef86ee298dd9d58,49e548b7ec1f515816b62230c96e8f74,4,,,2017-12-09 00:00:00,2017-12-12 04:14:01
2f804368f24f7cc2162a20d24133a090,29b71dc3837a954158a1d1b30d0605bc,1,,,2018-07-11 00:00:00,2018-07-13 02:34:05
b856980173e26dfad3003ee61b16b558,37297c70ff1867f5ad4b215cc27fbe81,5,,Excelente. ,2017-11-11 00:00:00,2017-11-14 04:53:58
bd2e22658540b048739f6c571fb88764,b5c4db08aa2596516e8e23acee055374,5,,,2018-08-31 00:00:00,2018-09-01 17:34:57
52277c2cc0123dcc8e24f350ca2a4503,1e00c916d9813c0f523a32d1af47f5d8,5,,,2017-12-31 00:00:00,2018-01-02 09:20:50
1ffe410191d36735e6c5278769a8abc4,723e462ce1ee50e024887c0b403130f3,1,,"Comprei dois produtos, 1 Sling (recebi) e 1 almofada de amamentação (não entregue). Dentro da pequena caixa do Sling veio a NF referente aos dois produtos, porém só recebi 1.",2018-01-23 00:00:00,2018-01-24 02:28:11
f0fb44442c62bcfea99185cd0edd69f7,d94353ea4014f1fc7b6eaadcc9c90fe7,5,,,2018-02-06 00:00:00,2018-02-07 13:30:50
746417c55841bcfc53ea8fe0367b3810,815b68de0bc7fa6c117e4bcf855734ef,5,,"Recomendo , chegou bem do jeitinho que estava na descrição 
Vendedor muito amável.",2017-05-31 00:00:00,2017-06-01 01:01:08
65a7eb0d21c32eef818d59271c762543,a6a5d5673d42186a8b8b94ad29b59897,1,,"Sempre compro no lannister.com, porém dessa vez tive uma experiência ruim, já passou o prazo de entrega e eu não recebi minhas poltronas além de ter pago um frete abusivo",2017-06-22 00:00:00,2017-06-22 12:46:39
08a3a37dbb07ac61b2d0815e55c1db97,63a529c7538a58649327440872ef8b2d,5,,"Recebi bem antes do prometido, em perfeitas condições. Nota 1000",2017-12-28 00:00:00,2017-12-29 02:29:11
8b683bb351e1ce9a0e1547cbeff8b608,85b8899fd1383f7177fe622d29f09272,1,,,2017-10-25 00:00:00,2017-10-26 18:36:49
857b8808c004b41fe850ccd64a22117b,7263db988c07c61845869e0708739119,4,,,2017-08-01 00:00:00,2017-08-05 20:23:37
f810cc668825f255dc91b0f4b8da9399,c24d2f7d4ac8f5e961e730da59972c7d,4,,,2018-05-19 00:00:00,2018-05-20 17:26:29
9ad67fb7b4990776ed851a1696a1283c,cb7c837f8c5240816176dc115c21a746,5,Muito bom,excelente compra recomendo a todos,2018-07-05 00:00:00,2018-07-10 16:42:10
1a285b7b23eb3c79ae4dc322fc609e8f,068d0d74dbf3b124a2b65bb2aad2387a,5,,,2017-08-29 00:00:00,2017-08-30 12:34:05
42102c9d6c4638b2386ab2963404fc35,cad0978e6d52213f4c78b26626fc40c0,5,,Ótimo chegou bem rápido,2018-01-25 00:00:00,2018-01-27 23:08:09
97611a5acbeac2d3adb5a731bad57eb2,24a562b69731cbec7439c1752c500f82,1,,,2018-03-17 00:00:00,2018-03-20 00:29:06
92b49c890c2069c32f316cfcbae8ffd4,1c07c0999a3f88b8c1b95e9a07cf5564,5,,Produto entregue antes do prazo. Produto otimo coforme especificado.,2018-07-28 00:00:00,2018-08-01 00:12:37
45febd1afafc131dcd0ea46afd4bab75,f1fd5b5e0656641dadc6c541b14e565a,4,,,2018-07-26 00:00:00,2018-07-26 21:37:22
ec56cc1e13831e57a0b68593b0265db4,b52c2a6044367f51b1e6f7d5bb8bca7e,5,,,2018-05-16 00:00:00,2018-05-21 11:54:16
9016ca39464c95829112b39a6aa0480a,b938ac4d34d8d6e6cb9f8dbfa2042cc6,1,,,2017-05-06 00:00:00,2017-05-07 17:00:17
fe9435a386720bc0f8dbc27a51ebfcde,fdc0ec1ee168b2b7c9d3a501b0d1d69d,5,,,2018-08-16 00:00:00,2018-08-21 00:01:59
e07ce2bfaa24d0f833944a3115409cd7,f42f2fb14ae6dc794ca8024222f22539,4,,"O produto parece frágil. E veio arranhado, pois estava mal embalado.",2017-12-20 00:00:00,2017-12-20 20:59:16
5881ba428734ab47b1a48c9253a891cd,9b6a1b8bf017b64d6ff4d7fe7cd88f1f,4,,Bom,2017-05-18 00:00:00,2017-05-21 11:11:44
365db2f855dd70d8dfff7f7db4cfeff9,2025b5bad835a500f8422436e24bd78f,1,,"Não recebi o produto. E venho tentando, a 3 semanas,fazer contato por email ou telefone e não consigo. ÚNICA RESPOSTA QUE RECEBO A MINHA CONSULTA É QUE O ENVIO ESTÁ ATRASADO. ",2017-03-29 00:00:00,2017-03-29 09:09:49
7829434311e1a2ed747e6794bb09e3e9,29d71d9c45a5ba44a2c8c20292d77bc5,4,,,2018-06-02 00:00:00,2018-06-06 01:48:08
078a7f11820f2b86299c1cd40ef839b3,47526268d1ca9101d88afed0fb430ed3,4,,"Achei difícil de montar por q tem q desmontar pra colocar a lâmpada 
Mais o produto é lindo",2018-08-31 00:00:00,2018-09-01 20:14:47
60b24f8ff7973a143b7a780ef137d9d2,10b26ae59835a2a63aa53e2da4ebefa9,1,,"Recebi o produto de uma compra que foi cancelada pelo site no dia 07/05, e estou muito chateada com isso.",2017-05-12 00:00:00,2017-05-15 01:26:16
b357c16d34fd36372f76b2170a45b2d3,9461cf76c19c4a544a3e384ba1e4fef4,4,,"Recomendo as Lojas lannister, produto entregue bem antes do prazo.",2017-03-15 00:00:00,2017-03-16 12:10:15
7fcfe5588a72970ab5a97c7fc8724634,84869e6e6b633fa602128f93f70e2c12,5,Produto nota dez,Compro e recomendo!,2018-08-23 00:00:00,2018-08-24 00:14:51
d0527e972fbbcd6953f4ba1437e5d995,e935ce70219fca7400f41fa9b59aad56,1,,,2018-02-24 00:00:00,2018-02-24 13:25:34
9b124b1f41b4dc3516c5c0b514ed9284,2f5124f516a7f5e4095ef4325d67c511,1,,o mesmo não tem o produto a pronta entrega não honra das datas de entrega .,2018-01-19 00:00:00,2018-02-21 19:54:24
418fead9236fad49a2578e14f62d610f,8e1e1daffbcfac661558e71878b2780c,5,,,2018-02-07 00:00:00,2018-02-09 15:38:35
0be07054d23f0f335ee4d15f4ee9886f,04730e3327a051a939ae815e14e482e1,1,,"Produto de péssima qualidade, ja chegou com o cronômetro quebrado e os botões com defeito",2017-12-14 00:00:00,2017-12-14 22:19:09
64572bfcbc04af0ec08ace12e08ad099,b072d6d510b1444975b212db037ab429,5,,Muito obrigada lannister ,2017-08-05 00:00:00,2017-08-06 05:25:07
c7bc4edf63f17c88f37aa6a8ce36b9ab,3ae6f437745a33a4fe67a0e350dadf7b,5,Rapidez,Adorei entrega rápida e a for tinha e a toalha são lindas,2018-06-23 00:00:00,2018-06-23 23:07:03
96b0f04a5fa962099dfc1f22a616e9f4,bb45d77c66b6a32f77813252457545a5,4,,,2018-03-22 00:00:00,2018-03-22 10:18:00
7d12ce7f6e649552eaa919aa33106b31,d4bec1a24c97bd17be18d77297a0f6a0,2,Faltou mercadoria ,"Só veio um dos pendentes , preciso dos outros, conforme a nota ",2018-08-23 00:00:00,2018-08-27 23:01:20
24f5df28075cde226cf39e3b4c5e9c2c,96b313e094ee31cef7c8a4ffd3b36395,5,,,2017-06-23 00:00:00,2017-06-25 21:13:44
0e02f50c6cdb0b8380fdb152ed57d94b,c92a9fd680f588dcff7ff22fce0abbcc,5,,,2017-03-19 00:00:00,2017-03-21 12:59:13
88274cd03470a13a1993553bfe903009,babf3827fed8e4f27b7d8a680af07e43,1,,"comprei um conjunto de skate infantil masculino como na descrição. O skate veio de uma cor, o capacete totalmente diferente sem contar que é de isopor. E o kit de proteção veio rosa.",2017-11-14 00:00:00,2017-11-16 16:18:02
42e482182236616f38e5d33627bdbcb5,5c7ec55f4ff082a66c4ed58a2634af16,3,,"a entrega foi demorada, mas o produto é bom.",2017-12-15 00:00:00,2017-12-16 12:33:48
5e1239246178944986b563b4dd76a9e8,ff410c670cb5018a763d815c1368f405,1,,Meu produto nao foi entregue,2018-03-04 00:00:00,2018-03-05 13:54:36
81d037f3c671f9525b78ca27359034c4,02624f7cd7272b3e027320023dbdc99b,4,,"O produto é de boa qualidade, muito bem feito. Mas é um pouco maior que o tamanho descrito, fica um pouco grande para 15,6. Sobra dos lados mas nada que não dê para usar",2017-10-26 00:00:00,2017-10-26 14:41:01
63ff1df9fb009d84bce847a1aea6295a,9e844ac3fb9440b1393bf80ab5b59860,5,,Produto de excelente qualidade. Lindo!!!,2017-11-22 00:00:00,2017-11-23 01:25:07
91d8569a6bf84a431a0b18cbed49ca63,a0224d0bc0030c9226e9613d6561a7aa,4,,,2018-06-12 00:00:00,2018-06-21 14:41:36
649ea7c04e35c959053611bcf46c1824,fde43c8d10a125abbbc0b5e8e1c9d779,3,,,2018-03-09 00:00:00,2018-03-09 22:41:02
912e8941d90f944ccf69a7f194fcf1b7,05457977f35122e71095989d738e4a37,5,,,2018-06-05 00:00:00,2018-06-08 08:38:36
120729df71a714d4bf0ca53051ecef46,ccb152dea072048521b3a778267481ba,5,,,2017-08-30 00:00:00,2017-08-31 03:39:08
dff9cf72a7ff5916cb68ef2858222cf1,d4d140e1cbc20856440a8343432848c4,1,,Ainda não recebi minha compra. Já passou do prazo previsto! ,2018-01-18 00:00:00,2018-01-22 14:00:23
ce6eddef08f38a18733269af3f4a647b,65f4f976c2281eb3c5f69547ca21893d,5,,,2017-04-28 00:00:00,2017-04-29 13:42:04
070be18879e03a003e4f431975372a23,4c1274c724f3a08787a97b452004ff86,5,,,2018-05-03 00:00:00,2018-05-04 14:27:14
8d1f4df8afa2391767826667f1de96d6,0b39d78b430d574a6eafefe82c11b4a3,2,,A empresa é falha,2018-03-22 00:00:00,2018-03-22 11:55:39
1472f49960a8c354feaa6201c9c16dea,915e2d730ef38d45a41bad2a89f88950,1,Produto veio errado ,"Comprei o kit de 3 peças, cobre leito com capa de travesseiro, só recebi o cobertor e na cor errada.
",2018-06-27 00:00:00,2018-07-06 11:18:19
912c249d8b06f3579a1a12f9c10b9e4e,700ed360aae6dff713da1178cdbdfec6,3,,,2017-09-26 00:00:00,2017-09-29 02:42:32
f13230a6c4e5ff294e522f5c5ca106c9,0865bf48f1aecd458a5a2ff3211dee8c,4,,,2018-06-26 00:00:00,2018-06-26 23:01:56
addbb1aff8f4f2d40d6f00f3ac2deef8,03202c9906e9d1140a8ac3e15f4492e8,5,,,2018-08-10 00:00:00,2018-08-10 18:08:06
333721e2cdc89995b5f729badea2ce53,0d5e27935dad336ff3d5962a73b30f2d,1,,,2018-04-21 00:00:00,2018-04-21 18:42:39
4d969aa24570f793bd19d12c9196c225,d015219f23681e41543e3db6504a4865,5,,,2018-07-12 00:00:00,2018-07-30 19:41:07
4e0dd6ff61676c4081200a06c2c1aef8,c8c474f20a667ba003a1f6e929fc3a44,5,,NOTA 10,2017-10-17 00:00:00,2017-10-18 01:58:58
a2df5bd5bd142b342fd8f752a1628dbb,c67eb6f352d61cbfeec214480d5c6baf,5,,,2018-07-11 00:00:00,2018-07-13 21:13:21
296993f4f1ec354052cb0f3b3a0a385d,a5c681209e1bcb90066e530c285ce2c5,5,,,2017-12-21 00:00:00,2017-12-24 15:31:36
c008d55b06bc67a404ecca4a264df822,fa42a34be61fe1ded5df8a8079ce8a52,4,,,2017-05-20 00:00:00,2017-05-24 12:19:06
0fe5883eca170b1ce365124337aa2ded,529c56bdb881d790cc51c6eea4f7b004,5,,,2017-02-12 00:00:00,2017-02-12 22:17:28
928da2df1a0923c090d1ce3024f58bae,b8f7f9df1e5bf679e78dbf66146a39e3,5,,,2017-12-20 00:00:00,2017-12-21 19:16:39
675e73611503eb3bb670468faa954071,4989f3f8cec2a6f73b0d121c0e134624,4,,,2018-08-18 00:00:00,2018-08-19 02:16:37
945d211fa108e0d6a0ed9ff283e2fd10,79ba9ff956399f8ca9eaa802139851fd,5,,Meu marido adorou! Atende todas as suas necessidades!,2017-06-13 00:00:00,2017-06-15 11:35:10
2d0c4c2ec7f970c066dc5fd68f386d62,d129a390b12dad8097fca575b31aba6c,1,,"Não recebi o produto, aguardo uma solução.",2018-03-14 00:00:00,2018-03-14 11:41:40
d9351c5ce44f874144fbf26dcd0b968a,31f49b876b40d899bdb6c403b4d2b20b,5,,,2017-05-16 00:00:00,2017-12-19 14:02:57
22e955fd9bd909bca37be2bda7042dc3,96ed110f6c91b349ff7ab376c8fa9400,3,,"Gostei, porém agora tenho que buscar nos correios.",2017-07-04 00:00:00,2017-07-05 05:08:46
c316e500b81d857318753a46b299ccb0,2f31ce5a220e0b97b2d1922c86bbbb66,5,,O tapete é ótimo! Grosso e macio. Melhor do que eu imaginei.,2018-01-31 00:00:00,2018-01-31 20:50:59
2b36f01713330150134929d346deb7ed,53e4afb03a9d1fd1346cb3536d79d326,5,,,2017-10-06 00:00:00,2017-10-07 01:42:39
01ae1805893db91ca7f3beea44c93527,f24b2cd1d57f9c6405a1840ba856f421,5,recomendo,,2018-06-02 00:00:00,2018-06-04 11:37:12
476d168e3787c0717d2145c634f73ef3,60fedd48f279e3f0ce27e48d6d7b895d,4,Entrega no prazo ,Só não Gostei do sistema de Rastreamento antes você via a todo instante e agora só atualiza depois das 18:30 ,2018-06-14 00:00:00,2018-06-15 12:54:26
12833392c4967ef074c159c5a681513d,793fe057b09c8c2bebdd48451e985432,4,ALMOFADAS,As almofadas são de excelente qualidade e foi entregue antes do prazo!,2018-04-26 00:00:00,2018-04-30 12:17:56
e6fcb039bd55084ae50a6a970f303ba7,b6ad79d84c91bb9d11720468017c168e,5,,,2018-07-14 00:00:00,2018-07-16 23:30:48
48774227d8068ef30712665dde38a7dc,3a50c763032329859ffb4b2812960c7d,5,,,2017-12-14 00:00:00,2017-12-14 22:47:12
bdd161128ba3cf1fed1b6fd01b4afb6c,a1c87156ca249199bbcd96fbfcd0296d,4,,,2017-09-12 00:00:00,2017-09-13 04:37:59
b6c09b5e7c55ec8e617841c80e5748f0,a11e916995a120fce0b1528d2555151b,4,,,2018-05-17 00:00:00,2018-05-22 11:29:01
0064391e7c9c58cdb277f6e33e0fb4b1,b50700cbee924cf4a5f5f9f38c1d0a04,3,,,2018-03-07 00:00:00,2018-03-08 10:22:25
7afada1e5d1714a25e54ef55b03094b9,fd9a39b683e84eb96a5c8a4f999f22ea,4,,,2017-11-23 00:00:00,2017-11-25 00:11:58
e32da23e9d579b887ef92c017b4cde56,2bd6a9cea9df97f5f2d0717bb6307f32,4,,,2018-05-16 00:00:00,2018-05-21 13:07:24
7882476ec5f3a48e867a55d5b2f5dbc0,18e91442199add8db6ce7be9b2c51760,5,,,2018-03-16 00:00:00,2018-03-20 19:00:18
87e23de0b742b6f5f58b81fd594b3c28,dd8c2ff157394afacbcc50a161e1af4e,4,,SATISFEITISSIMO,2017-07-25 00:00:00,2017-07-26 11:03:58
4ffc366847e3d417f6fb9d5545db9498,ca376f8f4042e61688af8cfd32d4e80e,5,,,2018-03-15 00:00:00,2018-03-16 10:49:15
e780cc21745c4f95184dc023d47f12f6,0ceec07de9db57c3d2ba32e4fa1fd8ed,4,,,2018-02-24 00:00:00,2018-02-25 13:41:58
04e00809c11b57811682dffe2c5cf1a0,19247443a7dfd6e4475b0e9b3fae86de,4,,Bom,2017-10-06 00:00:00,2017-10-07 00:07:21
d9db4a1f2c75a68969eb858bc9aef0b9,676e8e8f2f7d4d644019e9aac8b76ef7,5,,Muito bom. ,2018-04-04 00:00:00,2018-04-04 20:42:45
651158b78e79dab6721eb7182c286fe2,762e4a2e910d175a0fdabd749ae55d5a,5,,"Chegou no prazo, ótimo produto",2017-12-07 00:00:00,2017-12-08 01:37:41
c028eb71f53d52fdeb2a3b015eb489bb,a187f41f4cc3a98eaf1e82f8b79c6fb2,5,super recomendo,PARABÉNS MAIS UMA VEZ PELO COMPROMISSO ASSUMIDO E CUMPRIDO.,2018-07-27 00:00:00,2018-07-27 20:05:40
1f4a944e2daafdecba757ae86df2e4bc,334c65aeb7365a6d5acee2e43ab3b2d2,5,,,2018-05-22 00:00:00,2018-05-23 11:05:07
b7a2d298b3d52ccde16b54d0743dfa96,6bf23bc0b1c629639c42e76d525ea1a0,1,,,2017-11-22 00:00:00,2017-11-25 17:18:29
c9712307701b423fcc95769608f61dd5,0607a1c003c16725855f65d6b738028a,5,,,2017-08-24 00:00:00,2017-08-25 06:06:31
57a1e6c084f97876772935b2c694e31a,1dc23ddb9b0da103fa2b711855d60c76,5,,,2017-05-20 00:00:00,2017-05-21 18:00:39
cbd335781e088d1e3040f2da40ba97de,b83c1be0cbe93a1aea7c3a77e4ae37ee,3,,,2017-12-16 00:00:00,2017-12-18 20:04:16
bb8566c0ca9591bcbd41c241f54b83f4,2e24930adf68f4ce65ad35e0f23f08ee,2,,,2017-10-13 00:00:00,2017-10-13 12:03:00
9be74e6cd33bca8ea38c5477fa610c02,0e717e310af82d130a1d253cd5fe8c7c,4,,,2018-03-21 00:00:00,2018-03-23 16:27:36
b9e900ce12dfdfc574abd054be894501,98672e143f0ddcd385c344ae98132a8c,5,,"Entrega no prazo, produto correto! Recomendo",2018-04-17 00:00:00,2018-04-18 01:45:59
83d6c4fc77b71afae6fe55dd460e7550,aeb24c8a3ff615b3a6fe47e27996fb7c,4,,,2017-12-20 00:00:00,2017-12-21 11:23:14
db6059b7de93e10a2d14592ecdef6975,b0226a31a2297b13e23df75400c28d81,5,,,2017-12-28 00:00:00,2017-12-29 08:42:04
9c8f926c672fc458431e32d4286d514b,3a096d99346df2d6c043165967ff011d,5,,,2018-06-21 00:00:00,2018-06-23 18:32:53
e3f5c919766efd9df5c1a6b2e3225739,6a233c2059af7138039e43722cde5874,4,,,2018-03-21 00:00:00,2018-03-24 11:35:47
af83dd2568bb66e60b4b973337437e12,fca69dd3e60777ea363bd9d95a9bc86b,5,,,2017-07-14 00:00:00,2017-07-17 18:28:36
3b563c3608be2a018c70cfde43e90205,ee972a8714e62c729101427fc247d37e,1,,"Material do produto não vale pelo valor do próprio, material muito fraco, a loja não específica o material se tela ou não.",2018-01-31 00:00:00,2018-01-31 23:17:45
8c0c496d0c714edad925f4e35a084979,ef02b499ada182fc2a48dd525cb062c0,5,,,2018-07-28 00:00:00,2018-07-30 14:36:11
041c9f8217a77fb34855682ff70a55bd,31426d292a5d34315a18ac11d6eef7eb,5,,Produto excelente,2018-01-27 00:00:00,2018-01-29 21:33:33
dc00d448b2330228c324e1962950b886,8d5169ccfdb4902626694da89865ebd0,1,Tive problema ,"Mandei e-mail e ninguém me retorna. 
Sem querer paguei 2 vezes o mesmo pedido pedi estorno de um pagamento e ninguém me retorna ",2018-05-06 00:00:00,2018-05-10 14:26:38
9c335cdc0c81dad0061235ad6ad27fc3,3824a5d087901938c0b9f72f6008bd6c,3,,recebi no prazo porem a Cor veio diferente ao do anuncio,2017-10-19 00:00:00,2017-10-21 19:56:47
b649e360a6820963ae7e06614a1b74d3,b365b927da19a3d58a252e1c5695c86c,5,,,2018-01-27 00:00:00,2018-01-28 20:54:31
db16f87396ebdcc02a54286f34fe1d5e,b33c9bb2caa1d2b9f219b70f6dba7dce,5,,MUITO BOA..,2018-08-31 00:00:00,2018-09-03 17:54:17
c4f3c28a2a0b5764c5cdfd3aed663072,e0fb4639f54bdaa580ed4511c8d7b778,5,,,2018-04-27 00:00:00,2018-05-02 12:02:34
2c48d68605f0c18f14cc52d4dff3ea9e,63acd83008c876f81771b79ecaf7e27e,5,,Entrega Super rápido ,2017-11-25 00:00:00,2017-11-27 20:26:21
7bcf6c04d0d419a0c7009fc0cd33e66a,77749ba00bdd3c6d19363c493a38bea5,5,,,2018-05-22 00:00:00,2018-05-23 02:06:44
71333c530dd37786e7b13cb6b4d70da5,4370467d3d9de99a4f75e1d8abf9090a,4,,,2018-04-24 00:00:00,2018-04-25 11:08:24
7370152802d71edbcc82d8810c87251a,0c83ae77e6509fbaec6d9ae8844ccef7,3,,,2017-08-09 00:00:00,2017-08-10 12:43:49
d442862e638d627ee70794559c13f80b,17e8356af05cf890ac4604347b3c17a6,5,,,2017-10-20 00:00:00,2017-10-21 01:02:57
08a8cf95ad7cbbced68c179494176d84,faef9c1b3a8fe2bf0d41d30834c3c7db,4,,,2018-02-23 00:00:00,2018-03-04 23:23:12
5272d1c2650ae463d2dcd92f8076b108,9fce3cd33d8928808f389d86ea7556e6,4,,,2018-08-29 00:00:00,2018-08-31 14:10:18
3298aaeac64cc3cfcfd1038dc7f33257,48ac627a65c15df7cebf426bda6e6077,5,,Gostei muito ,2017-10-29 00:00:00,2017-11-02 13:23:39
c76f8970c668f305ba6a56c70bff1ba5,52586b1b9916f51d8bf0d76295da9f6a,5,,"Compra tranquila, produto perfeito, entrega antecipada, nota 10
",2017-03-09 00:00:00,2017-03-15 19:16:47
cf79a91713cf4ece5ac84472dfb50c10,386566ace975071b7888fe4ef940d582,5,Ótimo,O brinquedo chegou antes do previsto e perfeito. ,2018-07-26 00:00:00,2018-08-08 10:09:58
59df0515db19a26900cf1a17a490ad24,3b4ccaa47ae0c0d6966133bcdb0c8ad4,4,,,2017-12-30 00:00:00,2018-01-01 14:28:43
32a5337a9938cc4698bf7fe166e24cc7,82cefc0ed05913e6d19b9d6283dbf9cf,4,,"Produto bom,Boa loja pra comprar,bom atendimento e Boa entrega.",2018-04-18 00:00:00,2018-04-19 00:08:34
bb48fd166326524246a295e3ec76ec70,1d28af766063913e28a09606c0ee6fee,4,,O produto foi entregue bem antes do prazo estipulado no ato da compra. ,2018-01-30 00:00:00,2018-02-01 10:24:02
a0e7ababec6161431a7cad78fcbb0514,541ed556b294e1dc5e80fb34a44917d3,4,recomendo,bom dentro das expectativas,2018-04-25 00:00:00,2018-04-26 13:58:56
95422a94a302f8e24819dc839256d4e0,5ec17d5853c4bad3b18adb6778b3ac0d,5,,,2018-08-16 00:00:00,2018-08-20 00:22:29
72675fe27dec6a470e25c5711ae8129f,e0a392ae82bc219375ace26ec32a6301,2,,Produto conforme anunciado.,2018-06-12 00:00:00,2018-06-13 14:24:23
72cc0338b8dfa94205f3549c97737c20,789bf50b7eafcaff398ea0b735b4787e,4,,,2018-08-14 00:00:00,2018-08-15 13:19:04
f09e27e8caa28870d448eef18801ec5c,e2a875ab76ae9c68c532baa517d90363,3,,"No anuncio, era PERCAL, mas não é percal tem poliester.... sou alergica a poliester por isso comprei. Só nao devolvi porque irei usar no quarto do meu filho, o produto é bonito",2018-03-30 00:00:00,2018-03-30 12:11:20
e6e1ba6effd888b75ed2cf54555951d3,b5cded175dda03c8360eb5d652b931e1,5,,,2018-05-01 00:00:00,2018-05-02 10:47:04
3ad650dcbe0dd0a09359cd3f660b7dec,84db939b1ab9686533e9a06a0354beb6,1,atendimento ruim,"a falta de respeito e considderação para com os clientes, essa perceira da das lannister, sempre comprei com as lannister, mais ultimentente não recomendo.
",2018-08-18 00:00:00,2018-09-22 00:53:14
089c2e5979b1172977c620c1b8dea9df,57cb57d559e32eab26b8eeaec5514b3b,2,,Não foi entregue,2017-12-12 00:00:00,2017-12-12 21:44:24
e33692a0b46269aea619051eaa980322,bf5a44a0843a026ecf32a63d882550f5,4,,,2017-03-09 00:00:00,2017-03-10 09:50:51
fed3e2adff643926618ee94bb2fc5610,b37fc42b9b16ca9e092edcf0c06bd1f5,1,,meu pedido nao foi entregue ligo pra vcs e nao consigop falar quero uma solução urgente ...vcs podem atender pelo menos o telefone na central de atendimento por favor,2017-11-26 00:00:00,2017-11-30 11:59:02
08f84682d0e57c1c6f71675605e4c139,2d2084741ee31a371ffe0b838051d0dc,1,,,2018-03-18 00:00:00,2018-03-18 12:28:28
a3b6ec76098bc60b0a1ab054b723a9ec,b12dbb55013ad2916d26c65c8abbcd17,3,,acontece que infelizmente que a entrega a caixa veio avariada e faltando parafusos da mesma qued deve ter caido no caminho isso tem que ser visto com mais rigor,2018-02-07 00:00:00,2018-02-08 14:42:29
39844249da8f109f75b416a9388671cf,15812af232ebe0d344d123c18fde51eb,5,,,2017-02-15 00:00:00,2017-02-15 23:37:05
ad9ad731bbcb96ca9e47b6302b06d259,5ec0629d25d2736b943c5607137c5182,3,,,2018-07-03 00:00:00,2018-07-05 20:36:17
48c782b3e233f6c5bf38e900091d9c5b,7994bcffb9f5d5a702c9fc4f08cca8a9,5,,,2017-06-15 00:00:00,2017-06-15 23:11:51
d21831d60756c0842655eb0be8820918,505bb60c12a248aa8c995503ec264554,4,,,2018-08-21 00:00:00,2018-08-21 21:25:27
9e10201433659e6459e0199f64858ab2,ed4d57b2d881e813cf0b801ab17987a0,5,,,2017-03-11 00:00:00,2017-03-13 17:37:25
a2d6929aa98427ad61a30276648a1f08,a23d281315a434afd0b7bf492ce6a579,5,,Chegou no prazo é bem acondicionada! Ameeei! Combinou com a minha casa! Perfeito! Super Recomendo!,2018-02-22 00:00:00,2018-02-25 01:10:29
fa16f7d852efc012ccc9a21a2986c831,797fd27a25a9103f01971d21853a0b11,5,,,2018-04-15 00:00:00,2018-04-16 10:25:38
56f67427a3702c3ffa6e9c5a24ecfdb1,73e47be0498a4d9f19d88a0113af23fd,5,,,2018-08-26 00:00:00,2018-08-28 12:08:27
825745f56ed3aa0dddad66a41157854b,73f9e828566dd0de47c067e6ec94c989,5,Eu recomendo sempre ,"Compro sempre nas lojas lannister, porque além dos preços dos produtos serem mais baratos quê nas outras lojas, à entrega é super rápida... Eles dão um prazo de quase um mês... E chega em 3 dias. ",2018-06-26 00:00:00,2018-06-26 17:31:57
bb8e4a78fb48549eae5b7c1359159d93,2c6cd2338f9bbc7b19f8177e89e633fa,5,,Produto como descrito e entregue antes do prazo.,2018-02-27 00:00:00,2018-02-27 23:28:45
da752515f10e84a3b16fea69f1445f1e,343d749914bab05f8c752813a075ef36,5,,,2017-02-09 00:00:00,2017-02-10 02:27:55
f9b6f7669cff678fa380362a45e7b48b,7bcfb6639ba008fcba63f5ffc157caa0,5,,No geral ocorreu tudo bem! ,2017-10-28 00:00:00,2017-10-28 17:23:48
56c76fbb4d3d398ef2cac256ef049ee8,82b78c893274e1819b2b91866ec11014,5,muito boa,a entrega foi rapida dentro do prazo estipulado,2018-07-25 00:00:00,2018-07-25 23:26:10
9315cd68ba0001afc679114845e04fed,b04860f9f7889ebd859a225e5fbaf743,5,super recomendo ,Produto muito bom e bonito satisfeita !!!,2018-06-26 00:00:00,2018-07-03 09:33:19
881a5be65560a231122d0ecb8d3672d2,d885635e019669c17658a0f898cf7dd6,5,,,2017-11-21 00:00:00,2017-11-22 01:11:16
9ad877baa64571c127eb02fa55dffffe,4082a09e70f0dcced54c17ec25ac2a50,1,,"a loja eu recomendo, o que nao recomendo e compras no lannister.com, pessimo atendimento para devoluções e trocas, naõ tem atendimento online, pelo telefone so te enrolam e nao atendem, por email nao",2018-02-23 00:00:00,2018-02-26 03:32:12
808710a5b71a66e92509fc162fb99691,e3be8e7970afa286e942ea4273061bae,5,Bom,,2018-07-11 00:00:00,2018-07-12 02:04:01
19233f084bd33755de0e2c51b83ced1c,7146211691a9d909e75c0b7458b1e125,5,,,2018-08-01 00:00:00,2018-08-01 21:51:02
0658e81f065f89748467d394b9878039,92e2984724b33a8e95f8754bfee44f38,4,,,2018-01-20 00:00:00,2018-01-23 10:51:47
05b451d50f13aecd5a8b9ca756d3e1de,b13a02b747c3ea81a898b68bdd345367,4,,,2018-01-30 00:00:00,2018-01-31 01:29:01
7f12b7e4c1e60eeb5f9f694012c4c72b,faf132fb35b3b3b533a67efbd6e7c02d,5,,Ótima loja para compra online pois fazem a entrega bem rápida,2017-05-06 00:00:00,2017-05-07 23:01:39
f5c4af77a388db88b33c042992caec57,f78bc33515cdbf29e0e8c8d86ae6f219,1,,,2018-01-10 00:00:00,2018-01-10 19:34:14
5b5d6671a9a749006c26373a40707158,62bc181a6d897eba7057bb531ea5f094,5,,Exelente atendimento e entrega antes do prazo. Eu recomendo!,2017-10-06 00:00:00,2017-10-10 23:23:28
2ec906efefca036c48d88a5132ba171f,0c72cafc6d5d60d98d052051a2b028ad,1,,Produto ainda não chegou,2018-03-15 00:00:00,2018-03-15 05:13:20
d9b722049ec66167fc2d25438c08950b,065ac4b340bafd4f6bee041c63e10aef,3,,,2017-06-14 00:00:00,2017-06-19 01:14:49
a6c581f28d2a12e3862f6e7b5bcd5c63,51759d8321ae577fc2d577b976f8130f,1,Não recebi,Está perdido nos Correios. ,2018-05-30 00:00:00,2018-06-01 12:15:16
98ab14bd3b264260bfa4ee4c39007454,b4501b36d5c7558b4364a961168f8bfd,5,,,2018-07-31 00:00:00,2018-08-07 15:32:54
66ece5a8f51027954effb79a8fd3e6c1,c2a6e9e49e5282ea4882c738f6137303,5,,,2018-06-19 00:00:00,2018-06-19 15:27:24
af080fd8dcaa9002f37b25bd9b1d8150,9ccd75b5f3444a2dbf104b9cdc1183a1,5,,,2017-08-04 00:00:00,2017-08-05 17:36:47
ce1efc4f353cc0594bdba1788d9bb6f3,f071b368fba027eb94d3880678104d50,4,,,2018-03-21 00:00:00,2018-03-24 01:47:40
a30bf4ff92c02f23b909fda9c516d509,7c5c8b715064d5bf2ee6a1cef59f2853,5,,,2017-03-24 00:00:00,2017-04-04 03:52:57
c61d49e7b1bb1bd353b0093bad5dd0c4,332fbf902a0b37b6919c2d24fb9963c4,5,Recomendo muito,,2018-05-11 00:00:00,2018-05-14 12:18:50
82cf4dcfdab75b3ba9136fdcf00a14d1,9f2c1798fe24e69bf3317bc7b319c96c,5,,Produto chegou em perfeitas condições !!,2017-10-05 00:00:00,2017-10-08 00:08:50
17d55fb8aab1b4e415ec62dc8291b765,07da984520cb8c0de39f0b96b92c08f6,5,,,2018-04-11 00:00:00,2018-04-11 23:01:10
91729e4f08114bf60e47be319d01371a,71a378f8b8ef5f17a1518d5bf92f57c4,4,,,2017-10-25 00:00:00,2017-11-01 22:41:50
e0471b5715fe73ddf76588a0a4885ede,40eccc6e24dab20604e730a4245b38fe,3,,,2017-11-22 00:00:00,2017-11-23 12:01:57
d6371e6f7abd7c2c1c6cacfc606802cc,40001f4b6e1a35f0b99fc4f44078ab27,3,,"Estou tentando ver se os parceiros da stark continuem com seus compromissos aos seus clientes. E pontualidade 
",2018-01-05 00:00:00,2018-01-06 00:25:37
762e9604b633982ff881a487cd068f9f,95bdac6e96f88756554972d72c5d9591,1,Pedido não entregue,,2018-05-24 00:00:00,2018-05-24 19:20:17
632ca34143ae20bbcd2861e9283a4f2e,f309544e0fa881330c466bff31564da2,5,,Recomendo produto de ótima qualidade,2017-03-18 00:00:00,2017-03-21 09:13:42
7e3f77022cc3ecee0d403a3d01a309f4,72683b144c2feca63881b49b5afd2bc4,5,,"Muito satisfeita com meus pedidos, recebi muito antes do prazo de entrega, então eu recomendo está loja sim......",2017-09-05 00:00:00,2017-09-06 09:40:30
830e84f59b197f07c15c294e57cfb564,44e38bed584d8533aecfd6018f420f82,5,,,2018-01-06 00:00:00,2018-01-06 11:02:30
7aa1b6954b5e88d79d9b06125f5bc897,47c3ce4efeeff5eae692f5d31ef009e3,5,,,2017-07-15 00:00:00,2017-07-15 23:46:59
970810ddf21aaa149c1e03db0ff969ae,738c536e3bfc3c99dddffed112e89349,5,,Recomendo pelo melhor preço e respeito ao prazo de entrega.,2018-03-06 00:00:00,2018-03-09 14:39:00
cb061e9ca5ab73bd77fb87167291d972,2b4b69b119c4446626f617bd54ff3147,3,,"Solicitei capa e pelicula de vidro do xperia xa, a capa veio correta, porém a pelicula veio errada, menor e estreita, estou aguardando reembolso.",2017-09-20 00:00:00,2017-09-20 23:41:56
21e8ab9a106662a826ab313e4ef1519b,cd073a09b3f9f8f60fe4b7aa998f2ca0,5,recomendo ,produto entregue no prazo.,2018-06-26 00:00:00,2018-06-26 18:33:14
852118414cff80900457523d7bcc8f5f,9ba0521c38be94b8c0028f57a8ec1625,1,,Recebi um produto falsificado e estou esperando o retorno do email que eu mandei. ,2018-01-27 00:00:00,2018-01-29 19:00:16
eb27045a4522686f507356e7665cd4bc,6054b24d6a5bbe0e90fd7ebb14d602e8,5,,,2018-08-28 00:00:00,2018-08-28 20:08:59
fa011e81cf71706bbed6211af5464b86,2690c84e60cbc597c732d126472db7cc,1,,O produto ainda não chegou... ,2018-03-08 00:00:00,2018-03-12 13:14:39
75f8f0b3e8400ffaba369e35baeacef7,bd0ece9767b9088d339d9f68ed6a4738,1,,,2017-10-21 00:00:00,2017-10-22 02:06:47
2685a319bbc7246b6276dfc13444a0a3,b7a70c5355ba0e41915b2ae56209a2bb,3,,,2017-12-30 00:00:00,2018-01-11 00:29:36
e3d411e1f2b944ca50d8769f1b78f26c,b7fa03eeccba341d5ab0dc86bfb1b08c,1,Ainda não recebi o produt,,2018-08-05 00:00:00,2018-08-05 03:52:44
a49563247a26c2622899e8687fadcece,12656ffa174ee7dd1434940b8e538f32,4,,,2018-04-03 00:00:00,2018-04-04 10:46:26
c6a0180d4e7ba4fe063c97e22f8ed72e,d199e989bbb5f7b410c1a717d589499e,2,Produto não entregue,"Um dos produtos que foi solicitado nao foi entregue!
A solicitação feita foi: oculos e o controle, apenas entregaram o controle!
Aguardo resposta",2018-08-02 00:00:00,2018-08-02 23:49:33
2068ccff10311433ca8899252db79cb3,c9d46caad10d4c85f1eded254193e2a5,4,,,2018-01-13 00:00:00,2018-01-16 02:26:58
841663365edd78908d63f8600f2c5343,cb5945f4563c333d6e2c23de7b26af14,5,,"Produto perfeito, ótima qualidade",2017-12-09 00:00:00,2017-12-10 12:11:52
fb82ce5262889da512f5eb58cef6fe1b,fb7a3213facd63106674c2d4fe0813ae,5,Otimo,Uma cadeira ótima para relaxar.,2018-05-18 00:00:00,2018-05-21 22:15:09
9fd5516249307a30bde4ad532f4bcfdd,db37a79f21c59753d1ba93cc44d6cc4a,5,,,2018-05-13 00:00:00,2018-05-13 03:56:08
0ab135d1964379024840fae6720ba362,10cba0be7bc27288b512d87a719b97e5,4,,,2017-05-17 00:00:00,2017-05-18 05:42:36
b0c2f8c122ebef9f77753f7d167cf634,465c2e1bee4561cb39e0db8c5993aafc,5,,,2018-03-01 00:00:00,2018-03-07 15:08:10
10eb0f05b4d0daab185375cead834a37,0f12cbc174814d0b137bb00d87bea3ee,5,,,2017-07-08 00:00:00,2017-07-08 23:53:25
ff40e2c8cfd37c247defc55bb2392bc1,c604ad5f1e0d0bcf9977cf46d1d72303,5,,,2017-08-18 00:00:00,2017-08-22 17:35:10
e242683494b12963102e54791bf922f7,514b4450547a198b2000fe570c522277,1,,"Compro no shopping a anos, nunca atrasaram um pedido muito pelo contrário sempre chega antes do prazo.dessa vez não chegou até agora",2017-12-31 00:00:00,2017-12-31 12:47:38
6e3ec7184f5630c488940a69cef3516b,582fcbf6c15d85c705d101b4a3b6c25f,3,,Faltou o manual.,2018-03-03 00:00:00,2018-03-04 04:48:59
b8db5dce83ae6824977a6a8212d0ce1b,60402252b419752cfe565a2a99f9cb55,5,,"A loja utiliza os Correios para o envio e a entrega, prevista até 31/01/2018 foi realizada em 08/01/2018 muito antes do previsto. Parabéns por utilizar os Correios. EXCELENTE!",2018-01-09 00:00:00,2018-01-10 11:23:23
323591e11cb8e091f1ce551cae11c524,4baf4e226efff68fe5996f63da09745f,5,Ótima,Ótima,2018-06-23 00:00:00,2018-06-26 08:52:45
c5b73a47f58d063dacf26d7113b7e6bb,8bb61c38933e53a46312713c209dee29,5,,Meu filho ficou muito feliz,2017-12-19 00:00:00,2017-12-19 23:18:47
11912dbae5f169782098a20fc51c0b33,4b5893f13b0e06d63d6a27fd04544deb,1,,"Comprei o produto e quando chegou veio na cor rosa, ao invez da cor vermelha como na foto... Pedi o cancelamento do produto ja tem mais de 1 mes e ate agora nada do reembolso... muito demorado",2018-02-06 00:00:00,2018-03-05 15:21:00
f629933492a660ffbde5a423d9dba8e7,d37b53698d3839a94cb33273bb8c0241,5,,,2018-03-07 00:00:00,2018-03-08 03:59:12
9bd4b655499b26bd428c39e6c2bcb87f,ec902ac3921edfeace159efd4f973840,5,,,2017-10-27 00:00:00,2017-10-27 14:39:16
502edf36e2aec08203f7d3a608520aa8,a8f0774db1f2d93e5b48a0c370d423ed,4,,,2017-07-08 00:00:00,2017-07-10 14:06:54
dd25fd226892451ef391b2a9b87cd7b4,882dd62cfb645823fd2fe550592fd4fa,5,,Produto de boa qualidade e entregue bem antes do término do prazo pré-estabelecido.,2017-05-31 00:00:00,2017-06-02 12:57:30
0a321a12dfd0c51c8a2e9c2d93355515,762f77c76e347a456797effdee512496,5,,,2017-08-15 00:00:00,2017-08-16 10:16:49
f6759f43e623fa4ef8c0a698458c0689,aea0db338150b526dde24f6fd953a5ed,1,,,2018-01-28 00:00:00,2018-01-28 21:10:38
76753ed8c8690922064853102754064d,f1b1a53088d15140959d9ed6d98c7107,1,,"estou muito satisfeita, parabens a toda equipe",2017-07-11 00:00:00,2017-07-14 17:33:42
998ab461a3580ea262ebd0f83cf90fa5,f9114a9615fd4c8a09fa0768afb4a8f6,5,,,2018-03-22 00:00:00,2018-03-24 22:20:05
4130539f0d7d4ffd3ac52a3a44127b24,b07680c80c64e1f1ca41d4337b5e773a,3,,"Pelo rastreio do produto chego a conclusão de que o problema está junto aos correios, pois eu consigo ver a saida do produto só que o segundo prazo de entrega que era 10/04 também não foi 
 cumprido.",2018-04-12 00:00:00,2018-04-12 12:04:30
bd6ebd03faa29d02bc66dff2299b3658,5e526b01963709e583bfc89cac4d9f2a,1,,"N veio embalado corretamente, produto com aparência de usado, muita demora na entrega, n recomendo!",2018-02-24 00:00:00,2018-02-25 02:36:27
7983c3421ea88240f1524ec419728515,3ea82ad47a5a11ed6d1cb5e1e8343b9a,5,,"confortável, e ainda é muito bonito , material muito bom",2018-01-25 00:00:00,2018-01-25 15:38:51
b6d19bb2cc8b5c2979e322256be6fc20,6a41b5634ac2837b5b88bf9796f9021e,5,recomendo sim,produto entregue antes do prazo!!!,2018-04-26 00:00:00,2018-04-27 23:16:37
7fde6a6520102a25fd5ab7728bafbc9b,1c308eca3f339414a92e518e2a2e5ee9,1,,"Até o momento nao recebi o meu produto, fala que está disponível nos correios e nada.da compra que fiz em novembro só recebi dois produtos, uma cocha e uma saia para cama box.",2017-12-31 00:00:00,2017-12-31 20:19:14
8429bdf25fe069ba19895039a4856fff,d56e037617638a36e0f7c40837bbca86,4,,,2018-05-08 00:00:00,2018-05-10 22:05:16
a6d8671d04e0055b62713f3bfe2c05cd,57f6d3bb73ed5867cdf53c4acff3f994,1,,Rever a política de entrega ,2017-10-26 00:00:00,2017-10-28 17:21:53
80a8d7fda73faa63633bf02b18f8c408,474c0bedc28c30c7568c589c047b75bb,5,,,2018-04-18 00:00:00,2018-04-19 14:24:53
23fcd5b79f54ea9652420fe67e474378,4e15214b61d5e952ea58075636fc6e99,4,,,2017-03-24 00:00:00,2017-03-24 21:00:35
d14e42ae3cb681b6ca8f77c679677592,79398f97f77a8ba43fdb4e00b1d44cc0,2,,,2017-12-10 00:00:00,2017-12-13 11:53:30
a21424c921aa4f2ec0330644c062af22,90540cf8cf4df7ed6e10425cdfd522c9,5,Ótima,"Vale apena, estou satisfeito, recomendo",2018-05-16 00:00:00,2018-05-17 03:07:57
f3148b87020f01e7d090af6c4bdf2dc9,bc6d2ee01d1daa8441fc48b586bcd985,3,,,2017-12-05 00:00:00,2017-12-06 06:44:16
5fa1b420ae1b1100e8a9ed1fc2e4cee9,7e96374aee396bd5b72cf015c3e06448,5,,👍🏻,2017-12-30 00:00:00,2017-12-31 03:24:06
54fe01380d23eb34a7bc101fe350a413,89451210b2cc4272b890f6f79cd9f065,3,,,2018-02-09 00:00:00,2018-02-16 11:41:40
9ea5697125d49c1e5b6ae8b442ef3a64,bcc354647b3aa17143479db9c57f1ce9,4,,,2017-12-08 00:00:00,2017-12-09 11:41:50
0691098ae25d667e52e0ca600bcd4ed3,588c0e3b460d83b9cd8a270edc0f4da0,1,,Não recebi ,2017-12-08 00:00:00,2017-12-08 10:48:56
fe2c51998e8b8079f054766c46bf00c3,e465c5ff84ef7091d582b275cb0dd7de,5,,,2017-10-04 00:00:00,2017-10-07 13:38:57
901a78d2f2e67ea4457f8ec30bce1179,a112ffd9157da040b7951b8bb6bb2fba,1,,,2017-03-17 00:00:00,2017-03-24 17:52:34
3600d5d7a98776e214e955afbc88a225,cd919470d4038db47af0ae7904777f68,4,,,2018-07-13 00:00:00,2018-07-16 00:37:08
d4ebce773b272ec144fd87d8312da074,e72598a24e84f85f6b47b99c7fcb32fb,5,,"Possui uma ótima qualidade, porém seu cabeamento é frágil mas eu recomendaria sim pois é muito bom!! ",2017-12-28 00:00:00,2017-12-28 20:18:45
630b70f1a74f0e02084d9ced342c7b9b,bbc23131aab4b505c48b17061d069db2,5,,Tudo dentro do esperado!,2017-12-12 00:00:00,2017-12-13 00:45:51
7b33cfbd0e29c6a034efc3eb29e345cb,108db8c088de8e42c648bc520cec8c44,4,,,2017-10-17 00:00:00,2017-10-17 20:56:50
637c5f93ea73a355a7825c6a6bcb09f7,f65a0c0fc75a9ddad01b101ed5ae2e38,5,,,2018-05-03 00:00:00,2018-05-05 13:16:36
0acbca5185f75aae693958310164833d,9680ba40609bc32c996a447ba7564621,5,,"Lindo relógio, ótima qualidade, entrega super rápida. Estou muito satisfeito.",2017-05-23 00:00:00,2017-05-23 19:07:58
32fbb05e5d5b9569be97ae8862e1ee65,333e8c69214e02d9be6bc5b7a3e4202b,4,,,2018-05-05 00:00:00,2018-05-07 23:16:08
7601771b90ae9f85081f79023999eb00,70a25f8b804c7e220927839f1b869626,5,,"Produto conforme anunciado, entrega rápida, com certeza farei novas compras.",2017-04-04 00:00:00,2017-04-05 12:48:18
94d5967bd1298781ab9742b94c6f4ea0,f6e97f91d62582f47862f629306f4311,5,,,2017-09-28 00:00:00,2017-09-29 12:03:24
dca63c2d6f3b6f73195fb54b2f780c5b,9ce40c402845819d3d1c88eb10a41e4a,4,,,2017-09-12 00:00:00,2017-09-13 11:03:09
08528f70f579f0c830189efc523d2182,03310aa823a66056268a3bab36e827fb,1,Produto errado,"Entrega do produto diferente do solicitado
Aguardo orientação para a troca",2018-08-03 00:00:00,2018-08-06 00:09:52
111de780cd0643a9fc40ed1b6167e0d3,1b3c6f127c67654015b4f2a7b882ec40,4,,,2017-12-15 00:00:00,2017-12-18 13:53:24
72b1df0577066e4be833cbda6a2caf37,d62cc2763a30054a5d55992b3c88d3d4,5,,,2017-07-15 00:00:00,2017-07-15 23:42:21
f2360fa3294c2b8da0d4aacaaca360f2,96f4cc5fae35d1144e51ae9aec601f4b,5,,"Entregue no tempo, bem embalado ",2017-12-21 00:00:00,2017-12-21 22:17:23
54bd4cc0c9ae4f8f1ad39188678ec292,abdc23d84a4a4a01070f271f0c2917c0,5,,Muito bom em breve comprarei mais,2017-04-14 00:00:00,2017-04-15 09:12:16
c66e9a57eadff9db81376d5ce7517ab1,97e080a21be085e3e36d5f7c0f8f0b43,1,,mandaram uma fragrancia diferente da que eu pedi e ate agora nao retornaram meu email de reclamaçao sobre providencias,2017-11-15 00:00:00,2017-11-18 18:42:14
d74a3e9051a4b45b5ddd563d55e27bda,bc7378e3329da5c228531efaaabb18ae,1,Entrega pela metade,"Só foi entregue pelo correio o kit com as 3 mamadeiras, a saia do berço realeza não foi entregue até o momento. Já tive problema com este parceiro targaryen, nas compras que fiz pelas lojas lannister. ",2018-05-19 00:00:00,2018-05-20 16:07:31
70879677bd10daa1a6ed913965c2819f,104cba315a10ebccef0e851792083040,5,,"O produto chegou em boas condições, muito bem preservado em sua embalagem. Chegou muito tempo antes do prazo. Quem dera que a minhas outras entregas fossem assim.",2017-04-06 00:00:00,2017-04-09 00:18:21
fb23af96c44b05b83a45f45abb7b75a7,0573f0fe44a09808d06e716ae1a478ed,3,,,2018-07-03 00:00:00,2018-07-03 23:34:21
fd0e6c141e3e72b108a282747cfdb671,ed6104a0027e6a269ce0269f21c67f0c,4,,"Pensei q os produtos q pedi fossem com mais qualidades,mais tdo bem.
Tomarei mais cuidado se resolver voltar a comprar.
Obrigado.",2017-08-05 00:00:00,2017-08-06 02:26:54
3ebfaa06dfa27ab1103c52627adb16b3,0b47f5e9432bd433f8c5cf64e60e6e5f,4,,,2018-08-16 00:00:00,2018-09-04 18:57:28
e097165d06109253a01f40ace7983049,4f6d5b0656f4701bba88a3351199cb14,4,,,2018-02-28 00:00:00,2018-02-28 12:30:05
c9a1febf3480d362fa581b0666661201,8118e88205b0cd1342e85368ed6c0bcf,5,Perfeito,Como sempre o baratheon entrega antes do prazo. Mto bom. Parabéns. ,2018-08-29 00:00:00,2018-08-29 20:47:36
fcc5c9242321a4e6c564bced7e4af8cf,fa6d0c0ef7a7849ab7847303d458df3c,1,,,2018-03-16 00:00:00,2018-03-16 15:53:44
4a6d6e65672019ca932fd1cbd2b6f62f,b978ea305468570d5f639292c011b2bf,5,,Estou muito contente com.o produto e recomendo.,2017-11-25 00:00:00,2017-11-27 23:14:53
fb2de09668db47bb7ee92e7a23af9898,b7bad41b595c73cedf79fe679bf246d9,4,,,2018-08-02 00:00:00,2018-08-07 19:01:27
f44bb65551fb2b78c9863991c4abfe4d,dd1130c58ae85a282c4cd0cddaccd0ef,5,,,2017-12-16 00:00:00,2017-12-18 09:19:28
fd72583e578b5cfc73679ef346d0ea31,8f578fbe296dae4b9f11a4996da9c47d,1,,,2017-08-17 00:00:00,2017-08-17 03:49:17
409b2089b1efbe03b11f598e7b50223a,0a18d00cb652fc5698d4e3c3e01e7da0,3,,"Da parte da entrega, não tenho do que reclamar, veio antes do prazo, tudo em perfeito estado e bem embalado, porém o espelho de acrílico distorce a imagem e fica horrível. A loja, ok. O produto, não!",2017-09-15 00:00:00,2017-09-18 18:50:34
b406aa7a7dce63a20a2f775d01c628d1,9eda5cd4fa8caf92f0886bcc15b98577,4,,,2018-08-14 00:00:00,2018-08-17 11:16:38
e4384773e4958b2cecbd9350ef38144d,0e3e9ace0a88a5472a5fa59b8909a8e4,4,,Ainda não usei,2017-06-11 00:00:00,2017-06-11 23:16:00
0d7b09483bae0a9608b862e5f12cfaf8,24950e3fcd92f8ec85a91644c7252eb9,5,,,2018-05-03 00:00:00,2018-05-04 12:59:10
523350309b929ee12603bda5f01a7862,830f12a85d0bd0678bb5cbfe58b68cf2,5,,,2017-12-23 00:00:00,2017-12-23 13:21:45
f548a6ccc11f2298cac98351e36beee5,80b088ae48ba538f0d70f0eeb541ccfb,3,,,2018-05-04 00:00:00,2018-05-07 12:15:08
3986f66adc4e18b814bac25eec4e8859,0cc14454cb400b7b154e0a45ffd5c2f9,3,,,2017-12-21 00:00:00,2017-12-22 01:26:55
f48cbf56dcad60d04c154b8ca7fc8434,d7299ed1ce267fef299fca83511a0e17,4,,"Achei, bom gostei recomendo!",2018-03-31 00:00:00,2018-04-02 12:01:52
b19f2544567d25cbdc287602c6e937c0,171494d5a0a3d21f98268f2aa9314a18,5,,"stark Excelente, já o produto adquirido esse boneco do autêntic games um belo lixo, 120 conto em um boneco de pano frágil e sem graça !!!",2018-01-04 00:00:00,2018-01-06 21:26:54
a2bd2059f5ca614166f27fe9c7617df5,1dc15f1603f062d0d4b587b55dea3006,1,,não entregaram a mercadoria completa,2018-01-05 00:00:00,2018-01-09 15:16:49
3cebfcbfe4657eae08d374f4ba64b372,c3ac4b19799a35a01102113da6feb6bc,5,,,2017-08-02 00:00:00,2017-08-06 22:34:45
5385dbb6929a3c2e5abf1a9e3b372034,a185e5cd569eb1436c80f83bae2d91bb,4,,,2018-04-20 00:00:00,2018-04-25 23:09:44
ad1cbb9246426cdb97e55878ccb16dc4,bfad36ec8c862bac39b68d9490a76052,2,,O produto tinha a aparência de metal não tinha informações e era boracha,2018-03-02 00:00:00,2018-03-07 20:51:56
9470b28d6b20e1d064812f4e43210e7c,19d9d8655f9dc49d4a10954a7cee5bbc,1,,Não gostei veio com defeito,2018-03-07 00:00:00,2018-03-07 22:17:12
43e70fe0494042781af49dc5a314c393,ed7550f3266dfb079a3460745ff50ebb,5,,,2018-04-14 00:00:00,2018-04-16 23:56:46
3920a636ab418f1a4c30174268152fe9,b70fb0265f4059cdf874d341878a64f4,5,,"Recebi o produto dentro do prazo, com muita tranquilidade. Parabéns ?",2017-11-14 00:00:00,2017-11-15 01:12:11
66d5d9960adb1832777a387f38561de7,699ff12900168a9020bb2487be684cc0,4,,,2018-06-02 00:00:00,2018-06-03 00:27:35
69a1068c3128a14994e3e422e4539e04,175e7244409a1c34674cdd3407e25808,5,,,2017-09-06 00:00:00,2017-09-08 00:24:52
f917792f6d927b5623602bb4aba8216e,5b5b301c2306435fbdcd698f1c3a5ab0,5,,"Muito bom, entregou bem antes do prazo!",2018-05-03 00:00:00,2018-05-04 09:32:38
47b8975f72c5ac4a6328db40bd9633d9,c2ddb96ac5a19ac184bc09cbd3c95522,4,,"Muito bom entregue, antes do prazo.",2018-01-30 00:00:00,2018-02-07 11:56:23
ace3f5241fb6401ec2dc81daff3261c2,e008eec42c3cdeca3e9b47a91fbc848a,5,,amei o produto muito lindo,2017-10-26 00:00:00,2017-10-27 11:52:38
e04d1980e55481795b82cf72b002ab17,db7db7cb0958ac50a74b93178394e6a3,5,,,2017-10-18 00:00:00,2017-10-22 03:06:03
2b6dd85a5a65dbfddf57b22c0e269524,b9f31e3a32f182587fd629c681118d79,4,,,2018-01-23 00:00:00,2018-01-25 15:49:34
81a0fbf8c63014c096880c6ad62b0276,dde21840bf52f7327e815543b86afacc,5,,,2018-02-02 00:00:00,2018-02-02 14:55:05
65fd4383bd1c61c311b050f432e521ce,055e121a8cefa5494be46fea4bd4f3ab,3,,Numero correti da casa é 51.,2017-06-21 00:00:00,2017-06-21 11:26:28
5a1f43d1d071684833876fbf7e419360,51f35f39bf5cf70713cb1354b2616e07,5,Recomendaria!,"Gostei muito da máquina de algodão doce da Inovamaq, realmente produz o anunciado e quanto a baratheon gosto muito da segurança e confiança de receber no prazo.",2018-08-02 00:00:00,2018-08-03 19:54:51
f278a7de3cf4fa9758db7888222376af,2cb80b6bb30641c14665e1bb8a910872,4,,,2018-08-23 00:00:00,2018-08-24 00:11:32
bbd4c537e08445933c597b4bdeb98dfc,4d7cba9ac539bd48f7fdde25ccbf3eb2,5,,,2017-05-24 00:00:00,2017-05-25 10:37:53
40702e78c077c253bb88921fdda7661c,60260cf275316912451558bb743bbfc7,1,,,2017-07-19 00:00:00,2017-07-21 04:17:19
d28d679d1c57ef5e01455d287846065e,c820d5fbb72e2b0a48074c0f7f08a295,5,,,2017-05-25 00:00:00,2017-05-26 00:49:12
7bc661a6974bd601f7f4a2c808aa66f9,ad263bc9111c1e0cbb780c4b7c1009e6,2,,Correio não entregou na minha residência tive q ir busca lá correios,2017-08-26 00:00:00,2017-08-28 21:54:12
ec96094e10760eea75f5f69a6f8cfa57,6cf9278559172d523d1fbcf08988418c,2,Meu produto ainda não fo ,Ainda não recebi meu produto.,2018-08-16 00:00:00,2018-08-23 17:21:59
501baffdd7fd0702b8b2323245dc2c10,169ea2de3034acb7ff710f2ed686841c,5,Otimo,Muito bom chegou antes do prazo. ,2018-07-31 00:00:00,2018-08-01 13:40:16
885f271108a3b00db487bd2796e08896,a5c2bce79ee362cbd630af6c3ab8f841,5,loja parceira perfeita!!!,parabens pela rapidez na entrega e produto com qualidade,2018-08-16 00:00:00,2018-08-18 19:16:17
65082ae4066f3c86efb919b4969c7dad,14f71e03c472d2b37384b55708ac8354,1,Toalhas de banho,"Nao gostei do produto. As toalhas sao muito finas, nao enxugam!!! Infelizmente vou pensar se vale a pena comprar pela internet sem manusear o produto, principalmente toalhas de banho.",2018-07-26 00:00:00,2018-07-31 13:56:52
df4acf92c39704183a4f01a17611e466,6233c53ce8bfd732fc643c0443741c5b,5,Maravilhoso,"Produto bom recebi bem antes do esperado tudo perfeito, super recomendo.",2018-06-28 00:00:00,2018-06-30 17:12:07
0b8a029594134b97a9dd6ebec044511a,f2fc3e958c7943badc989a1f5db932b4,5,,,2018-08-28 00:00:00,2018-08-29 00:36:51
4ba9c4336358b43a8a9f71f1df94c754,4a1b2eddbc026752feeb5bdc37943b0d,3,,,2018-08-17 00:00:00,2018-08-20 10:54:13
2aabdd6e8a195dd868324e629f2a6b46,3b3c727f2f017c3efa05f74a729727d0,5,,,2018-04-06 00:00:00,2018-04-06 21:09:20
390d8904e05826a4f25ba037ac2a51d4,250587cf0cafce7892b56a47a1697833,5,,"Lindo, levinho, adorei",2018-02-25 00:00:00,2018-03-07 14:21:31
378f0d32fe38ad2db1888d6cf4ef6b80,dacd9ea86285f197d0b7495e8af14781,1,Produto errado,"Pedi o produto na cor cinza e recebi na cor bege, pela burocracia para troca, tive que ficar com esse mesmo,
Pessimima experiência, erro primario.",2018-05-01 00:00:00,2018-05-04 01:52:36
7f2bc80552ac81bc0f6972735d9c71f7,9e99a131a8798c3985381f4f7c96d56e,1,,vendeu e não entregou,2018-02-18 00:00:00,2018-02-22 00:37:53
379995ed73e715fadef187a4072685e1,d8f135a040950408cd059c27a623bd97,1,,Nao recebi o produto.,2018-03-23 00:00:00,2018-03-23 09:15:34
7579e0770ef8549b8facbc135cd76944,086cb9cd0cf7067d77fe09f31620a52b,3,recomendo,Não veio nota ffiscal,2018-06-29 00:00:00,2018-07-03 10:58:47
09d9730e592d2aaa54e4bad664b9ac55,1c19fe562ab8176385b8e5fb6566aea2,5,,,2018-05-08 00:00:00,2018-05-27 13:22:22
cfc0d72a027ac200f74488276719c854,55b360b9aeaf1fcec58a18a82b21b957,5,,,2018-01-19 00:00:00,2018-01-21 21:43:49
37c4adf1d68fe425f2d9476d800b8ff0,f8d1bd3e890e8a6792efb7acfc9a4853,4,,,2018-07-13 00:00:00,2018-07-13 21:41:22
194bb36d095e2c39408837908ab2df73,8d2ca1078f464825b9e902aaa37e0683,4,,,2018-08-17 00:00:00,2018-08-20 12:01:57
f3bd714ba44b32ca89c3feb666166464,89e02379eee525e09813dc8e5ba99213,1,,Produto nao foi entregue no prazo.. solicito o estorno do valor ja pago...,2018-03-28 00:00:00,2018-03-28 15:41:59
888986975ceb616847a22a71b8a7ae30,fd6490ff0d0a47338582b893c79863fe,5,,,2018-07-12 00:00:00,2018-07-12 23:56:45
244664da52395affd91995d5c13406d2,516b0fe870022210bab4e170fbf10ec1,5,Entrega antes do prazo ,"Produto em ótimo estado, funcionando e entregue antes do prazo. Ótima loja, obrigado.",2018-05-26 00:00:00,2018-05-26 17:52:55
fe34ebb07aa2cf426935423de03df764,660f07387a59952dda6a3ec2377eafee,5,,"Entrega super rápido, produto veio bem embalado,
vou instalar amanha. Muito bom.",2017-09-01 00:00:00,2017-09-02 11:16:13
bc3590604b38e200ce7882bcff5229b7,4ff36f43b95e4fbebfa94b98f8f33847,5,,Uma loja que eu confio em comprar.,2017-10-11 00:00:00,2017-10-11 21:28:16
8a4d50b6654d30ff3a1fc71d75272dc4,58e8270bb23a598a7a351d4fc3a211a4,5,,,2017-09-07 00:00:00,2017-09-08 12:05:57
dc3b529e75cbd336d8b49636b43125ec,bca6e11cbc47e5f4b3f8bd46a39dce3c,4,,,2018-03-13 00:00:00,2018-03-13 16:37:08
b8d3b257b3e2629a8973d0d2f4ee9f43,43f5b8a8303562c644185a6bfd2cf3dd,5,,,2018-06-19 00:00:00,2018-06-19 17:07:09
acc3dceef89eb86f5f0aba22190aa64f,6582cf66806f42b2efd341d44fb384f4,5,,,2017-06-22 00:00:00,2017-06-24 19:18:21
84d2532d87a40b5ec0de55c7f8d783f7,47e8f8fc6c6d0bdeb784394a599459a3,3,,,2017-06-10 00:00:00,2017-06-10 23:30:55
7e3eb2e5bcff3777d92f9eb41d43878e,107dc783817b4509bdbe7e66998f5a24,5,,"Fiquei muito satisfeita com minha compra, o produto foi entregue antes do prazo. ",2018-07-21 00:00:00,2018-07-25 03:25:06
c31ad0f9d2bc538dc82a45ff6793a7dd,05ad157e8f606d82b474fd05703b7610,4,sastifeito,o protudo como eu esperava so que não tive tempo de destalo mais garando que muito bom,2018-05-21 00:00:00,2018-05-22 22:18:15
a7ddd04a37c1b33088f878e6268be2ec,ac58bda50dfac642d4f72dbf95a1c179,1,,"Bom dia!

 Não gostei, de péssima qualidade!",2017-09-27 00:00:00,2017-10-05 13:36:42
64ea2cd06692d7806a03f252b4d81ea8,5fa285b6edf81b62a0b66dae40d38d0e,5,,,2017-12-08 00:00:00,2017-12-08 18:14:59
36ca72097b031b1041118196e2d6e330,aabde6ea676d05113f63f0de161b761f,4,,,2018-02-08 00:00:00,2018-02-15 10:57:32
42db9e09b96c26a867e1fa7e74be529b,6d9a301ad93b5c24c6cff8e4f9cbe276,5,,,2017-05-18 00:00:00,2017-05-19 01:16:19
ecec893bc0e5e1c7f4c932c878ac00bf,245edde3bd6cdd0590cdfba00d88234f,5,,,2017-09-23 00:00:00,2017-09-24 13:04:23
3295dbb1b074d724e79ef4c08482b92c,8c2c2b26ae4677e7457b0daaea13a8d3,4,,,2017-11-17 00:00:00,2017-11-17 16:26:39
d2aa4670553cb35fd8cf69342d865997,cb459c6af32347f6dd511553117bd080,5,,,2017-03-09 00:00:00,2017-03-10 13:26:38
8b548414b28f8c2e5fb81d33f0f24624,82d62e8dbebf85af5c2873e07fe0721e,5,,Entrega antes do prazo produto correto tudo dentro do esperado,2017-04-20 00:00:00,2017-04-23 02:08:02
8753650257455b9cedc8ff6f59667604,4e3439f5dfa664c3a1dd0154a524f7cb,5,geral,Otimo!,2018-05-05 00:00:00,2018-05-09 23:41:29
dca44f7f3fc3910f01b43a82379d4278,60374093aa8d84de08b2c04a3eec89c4,1,,pessimo,2017-12-13 00:00:00,2017-12-17 10:35:53
3e01b4dfc35870cb4a066364dd6c1346,a35cd49972d7afbd0822f2da96d94d62,5,,Demorou um pouquinho mas chegou dentro do prazo e eu gostei muito do produto.,2018-03-27 00:00:00,2018-04-04 00:25:16
2c5415bfc68a4265f185e3da9eeee7ca,92e569b96881cdc062cc199bc7465002,5,,"super recomendo
",2017-12-14 00:00:00,2017-12-15 09:59:44
beb19cf6102d1c42d9c756d80b9dc6e9,ba67f9aa9f6aaa7645b40abdf9f980c5,5,,,2017-07-04 00:00:00,2017-07-05 00:38:59
c5f3e32ce1b91c9f3dc715852cd9d449,575bfb61f87cbd5b35f76ca953e1edff,5,,,2018-08-21 00:00:00,2018-08-21 22:13:22
8971f372933eac01225013b1126aa334,c37b3f544d3cfdc84bc506669555f19e,5,,,2018-01-31 00:00:00,2018-01-31 23:38:55
228cdac9136dee0a9052096f1cce30b6,d9fee3504f55226ed8e155bdc0a36a06,5,,,2017-07-28 00:00:00,2017-07-30 19:34:48
3ab7d617bad8c93d2015be940e6ff132,50aee6309ac7a0d4fd5c78ac0d4e5404,1,O Produto foi Roubado,Não é possível avaliar o produto pois o produto foi roubado nos correios e até o presente momento eu não recebi a reposição.,2018-05-24 00:00:00,2018-05-28 11:41:56
0bcb1cc1c187c011db8fa2cdf18fca49,e94049a4979c0cca812d339264c0792e,5,,Amei,2018-02-17 00:00:00,2018-02-18 01:04:21
2668e26ea39a6562eeb048ec2c020abe,a44bccae654f637781e1918da79f4fd2,5,Super recomendo,produto excelente.,2018-06-21 00:00:00,2018-07-17 04:20:45
04bb4510dfa4af74e357521612d82ae9,40ccb6520c6922d1712766b66922e72d,5,, ,2018-04-11 00:00:00,2018-04-12 02:28:17
84648d76bfedb6d21355d0567b2d19a6,1f18d6138f5af59adb5a379ea575d555,4,,,2018-06-13 00:00:00,2018-06-13 20:25:32
5bbab6141ec0ff6831ad1a9e01d85caf,62b4063077164817444ed917010c5c16,5,,,2018-08-10 00:00:00,2018-08-13 22:09:00
58f9d5ec18e668bee42663e9e800b86f,7f922477f06db4ab69f6f173f439088e,4,Muito bom!!,"Entrega rápida, produto de boa qualidade.",2018-06-16 00:00:00,2018-06-20 02:34:59
93502042ffeccc09e20c43cde17ff33e,daf610999defe00407d9c3178f42b819,5,,,2018-02-08 00:00:00,2018-02-09 00:01:50
8d68693dce7c28eb35d8db7f2d8b3047,9f80c79b3c2260ac4352d49fea965897,5,,,2018-06-30 00:00:00,2018-06-30 19:49:54
aec879667d25137213cfebc739f3e3e0,c56ae3a36b8942fb185a2c02c46fba20,5,,,2017-05-20 00:00:00,2017-05-21 17:43:28
8ae9f67af59211a3ada150bf630e6772,2218e4b81089f8cf52139915bdc1e48d,5,,"O produto chegou muito antes do previsto, fato louvável. No entanto, veio com defeito. Como devo proceder?",2017-12-03 00:00:00,2017-12-04 12:58:05
b0a328e40d9916676955c5079a669420,01311f2795d8463a11f9422173687696,5,,,2017-11-08 00:00:00,2017-11-26 10:39:07
799536a537f2cf19046078a345940104,b6da9829ce73e764c8023c98aec4c11b,5,Ótimo,,2018-05-13 00:00:00,2018-05-14 01:46:16
45859e8c037ec1c34cfcd9c09dc07d9b,231e08dd8d9fc8f16332da72a3375893,1,,O produto ainda não chegou.,2018-08-02 00:00:00,2018-08-05 02:08:10
0f543e329618c66972e289cb8c127215,cc46818e210f019a0a7c59b03fc43c8e,3,,,2018-06-22 00:00:00,2018-06-24 13:30:23
03cd1a4057a30f264af79cbec2e75531,69b0633a7da27b8044d4d706a557f472,1,,Meu produto não foi entregue. Já mandei várias mensagens e não obtive nenhum retorno. Quero meu dinheiro de volta,2018-02-03 00:00:00,2018-02-03 13:23:27
b85a008f69f9c6398130fd43cff195bb,f9621d2a09f94ab31f27e78a400642ec,5,,,2018-06-19 00:00:00,2018-06-21 15:16:28
3d2cf0334653ebfa553e957843bc0eeb,156282e58da82d36a58582a6a94211e5,5,,,2018-08-11 00:00:00,2018-08-12 01:34:45
73dbde0d4f97eb7fcd156af1f03c0fbc,a2ccfabd53f695441e4e9412ba9f8c63,5,,,2018-05-09 00:00:00,2018-05-09 18:45:38
b3c3dd003ab74326d8207b7934c88bf5,21b91053280b58b39247f63e52fc4c6b,5,,Adorei..chegou antes do prazo,2018-04-18 00:00:00,2018-04-25 13:32:17
daa6434f0dc29f170dcb588e4c93ed84,05535f67cf6802000ad3107136cff4bf,5,,Mto bom. ,2017-09-22 00:00:00,2017-09-22 17:40:37
5db0481e8ba6443503ea0dbb4986dc1c,83ac7baaa477085adfafa311103efaf5,4,,,2017-06-27 00:00:00,2017-07-04 20:56:07
8a8a3d216ff1d687ff3326e824edafbd,b82ba1f1f32eec47bc90651a5bb6dbbe,5,,,2017-08-06 00:00:00,2017-08-08 19:50:57
3f3526b6e7046634b754ec08163e4a82,7daacf43d9593e9a2959cc753578ce09,5,,,2017-04-08 00:00:00,2017-04-09 02:06:12
a1ce7379aa79f131d9114591568c6511,fa5dc4c3b8326a0da88dc49b20e0ed27,1,,comprei uma caixa de som em 17/11/17 e até a presente data (09/12/17)não recebi a mercadoria nem explicações da targaryen. Ainda lhe obriga a dar uma estrela para efetivar a avaliação.,2017-12-09 00:00:00,2017-12-09 10:42:39
83e3d6e0191c1c3c5072aaf3b67cfddc,fb85c019b52b1481af6b89a96b84be4f,5,,,2017-12-01 00:00:00,2017-12-01 19:17:35
59d160f8ce92172828b257462f39f390,0c40894addb46fce19ca6ca1f11d9bff,1,,COMPREI 2 CLORETO DE MAGNÉSIO CHEGARAM APENAS 1 UNIDADE.,2017-12-09 00:00:00,2017-12-12 11:28:30
e98cac1ffc79bf7f537dfc2535e18986,b647f540d673c123ae558b52796b5124,5,Super recomendado ,"Estão de parabéns, entrega antes do prazo e um ótimo Relógio ",2018-08-01 00:00:00,2018-08-02 12:13:32
a9b83d396f1a15b03bcca4cde3f541ab,dbb320039cf47fdcb45445cfb453689d,3,,"Eu não entendi o que houve, pedi 2 cadeiras e só veio 1. Estou no aguardo da segunda cadeira, espero não ter problemas com isso...",2018-01-04 00:00:00,2018-01-04 22:11:43
56e7229994c5ec84360c20804cf01ad9,07e2a9d486a8394f2700230396e8d5f0,1,,"Continuo aguardando o produto e pelo rastreio está preso em Curitiba. Era p ter sido entregue dia 24 e hj dia 27 continua em outro estado.
O frete da lannister é um dos mais caros e o que mais demor",2018-03-25 00:00:00,2018-03-27 13:36:32
ce4949c1d599e5258aa82739b6d86246,e8df0b08b2d6162f2a109f931d0774b6,1,,"NÃO COMPREM NADA DESSE DISTRIBUIDOR MUITO MENOS DESSE VENDEDOR, APROVARAM O PAGAMENTO E NÃO ENTREGARAM O PRODUTO, SACANAS, E DEPOIS DO PRAZO EXPIRADO COLOCARAM NO STATUS PRODUTO INDISPONÍVEL.",2017-11-05 00:00:00,2017-11-06 12:22:20
0c35a2b6ec7d67c73d23f42e6feb15e1,81dbb577a47365babeaa44fe4f9a5666,4,,,2017-12-09 00:00:00,2017-12-09 19:15:30
f81801b15a0c5508816428f919d34d10,69ecf8a73bd1de33c57b060448315a92,4,,,2018-01-17 00:00:00,2018-01-20 21:24:35
01611072fea7ccfb07f4be5085fc95fb,5586165a8c737d52401ee3eadb09f980,5,,,2017-06-22 00:00:00,2017-06-23 12:26:51
4b2eb5e9ba5bbad756768746ce334ea8,1d39bdda52c4e5dfe96ea227fc5420f9,1,,Não chegou oque comprei ainda estou esperando espero que não demore,2018-04-20 00:00:00,2018-04-24 14:40:24
1dda6bf569b2095eeb58d5ce8880d85a,5ee65ec4982eb4667be9fba3b90fa184,3,,"acho as entregas desse site meio demoradas. mas vem td certinho.....
",2017-07-26 00:00:00,2017-07-27 11:10:27
6a03020aa761b78ad1e61af9b800dc42,6c187850c87a918e0ac628d5ffd4d75a,5,,,2018-04-11 00:00:00,2018-04-12 00:03:15
8889130496e0f172c800603f7001bd2d,50ec02cdd09a0a80fbb65a1505eed464,5,,,2018-03-07 00:00:00,2018-03-08 18:16:59
929b42ec9ca66f6331e6491afbc93903,8728d50cf8a703b24a9f7d755d9e40d9,5,,,2017-05-26 00:00:00,2017-05-26 21:26:27
237939759c596779b3cbabcf3d028cbf,e4d96e6ad34780ade40c4b6dc2745a04,4,,"A nf chegou informando dos dois jogos, porém chegou apenas um jogo! Faltou o jogo branco! Como proceder?",2018-02-02 00:00:00,2018-02-03 14:19:28
9bc66edafab4f5c232ce2794e1d986b2,0d387b5d8e636190398548a221d4185d,5,,,2018-06-14 00:00:00,2018-06-16 17:08:57
fa71da20e6d973d10d09c144d1621c41,c679d7c1b3724f6bafd104526934a932,1,,,2018-08-11 00:00:00,2018-08-13 08:29:43
e42835037176ddcd402b29456336588a,a8efe989c98ee6abeb71302e009de4e1,3,,Bonitinho.Mas a parte que segura o lustre o suporte poderia melhorar,2017-09-15 00:00:00,2017-09-16 20:45:47
9d71557d825f015e8924d2e75f9c83d6,6aad3bed746944c70143bcbcadb6c5ab,3,,,2018-06-12 00:00:00,2018-06-16 01:16:07
e9c7b21eae49f95d880790cc9805bc68,2177c383835d2102aaffabf80638aa19,1,,"Preciso de números telefones de contato com o atendimento baratheon ou do vendedor.
URGENTE",2017-06-18 00:00:00,2017-06-19 13:52:45
777e15f482f594f691890e3571d8b7eb,73ba8619ddfc6efed5a3e4331c791f0d,5,,,2018-06-23 00:00:00,2018-06-23 23:51:36
9c191f8a7474f5593798b350dd8b4c1b,7c7a7c7d1fa3b3c8f867224389d3d8bd,5,,,2017-07-25 00:00:00,2017-07-28 14:10:34
28c697a3241e00ff4ee0f70f2de1116a,24dd6883219c3c70aa4d84d059d279a0,5,,,2018-04-22 00:00:00,2018-04-22 18:56:00
30eaaa84e9fb33172780fa3786b9884f,28e7148abde825a20fa617db02f92c99,5,,,2018-05-16 00:00:00,2018-05-17 10:00:37
7988f925b2fd50d992a3fed8d3d080e4,8a9c4879d3cde9fe810bdc06fb38b671,5,,,2017-08-09 00:00:00,2017-08-10 02:16:58
f92c9e053d9211d7b10feefced0b920b,e6f1079796c9aa6e372d9c759310b5c2,1,,,2017-10-12 00:00:00,2017-10-13 20:04:28
1b8df55d40e129a4003858afb671129c,b12e5d725658a4566286153c51727af2,4,,,2017-05-24 00:00:00,2017-05-27 11:14:56
03d14ff1095e8d3c03d45542b16ed70b,991a833f96a0e2a37ff3edab5969e44d,5,Entrega rápida,"Entregou antes do previsto, minha filha amou o relógio.",2018-05-08 00:00:00,2018-05-10 14:34:04
2ee2b576d576d98fb1402a4dd36784d9,b033a34245ae159e80dd599b3c5cb92f,5,,Otima compra e entrega. ,2017-02-14 00:00:00,2017-02-20 19:20:12
51f8d7ba9221dc818368c967e4beded3,62bc181a6d897eba7057bb531ea5f094,5,,Exelente atendimento e entrega antes do prazo. Eu recomendo!,2017-10-03 00:00:00,2017-10-10 23:24:53
f61e546a537a99b43537dea97555ade7,4ef3c842b74a91b2524df4e621606c94,3,,,2017-06-14 00:00:00,2017-06-16 15:16:13
1c1ca3db5801e5a63853c75e758f0aba,20ea67720234d8e46c6dc89f8b1dc16a,1,,,2018-05-02 00:00:00,2018-05-03 23:01:46
45fc654a4331da1e43ebdc26322b119f,7c1874537dafaf7092ff655e2d8f3ef7,1,,"O jogo de bolas de bilhar que comprei é totalmente diferente do que foi entregue, sendo diferente, a cor, material e diâmetro da bola. Quanto ao recebimento do dinheiro de volta? Como devo proceder?",2018-02-28 00:00:00,2018-03-03 02:34:22
51a3e18b9af3634cd3a2afe6ffb42997,a622a08f7c22608bf1f2c546a830de74,5,,"Amei realizar compras junto a vcs,foram perfeito,que não mude.",2017-07-25 00:00:00,2017-07-27 23:35:16
303af607c062e29fc213121f782cb072,9c31d604522ef4fd8e0bba68aa3214a1,1,,,2018-04-05 00:00:00,2018-04-05 18:07:15
1ee0d945196c3da670782b7a26b5be2b,e5dfa353d229de8b9a6e25cda9b03130,1,Produto falsificado,"Já solicitei a troca , pois o produto vendido pela loja não é idôneo",2018-07-13 00:00:00,2018-07-13 22:57:37
307d303e370063b3a13b5bfc153ed1e6,477d714fae5a61fe245f9d4c7cebc2d5,3,,,2017-07-30 00:00:00,2017-07-30 20:31:19
d6cab9064c0568f62cbe90bff314fdf2,6f0ac9b2069a1f5b1518938be44d87ee,5,,Do jeito que imaginei...e entrega super rápida. ,2018-08-16 00:00:00,2018-08-18 00:27:13
1c6269fa961a75628c05722727b1cdfe,eea3254200d621b24b7741950693e956,5,,,2018-08-01 00:00:00,2018-08-03 21:59:21
b81f9612ec6c908a3e5db265398e5863,76931aa364051d5d57f6a23aa352956a,1,,"COMPREI 04, MAS SO RECEBI 02",2017-11-28 00:00:00,2017-12-04 20:40:59
92964fa36f458adc0af6e7de3472642a,eff6d1823541bd02a75eb960685b0230,4,,,2017-07-06 00:00:00,2017-07-11 21:18:16
4fda83cdef5bb8ab2aa996dc316dec16,ed04a2b3c21cbcd90c2071a22a8cbda2,1,,,2018-04-22 00:00:00,2018-04-24 18:24:04
ad40da2fd32869cb0560533c4d2c0670,77ce8174ece613ac99bd6506f3d679d8,5,,Muito bom,2017-11-04 00:00:00,2017-11-04 23:46:13
3dae9602a51dc8d3718190a02d8137d2,48f38d47fa3e594216cbf679a60dc4fc,5,Ótima negociação. ,Até hoje ainda na tive problemas com compras nas lojas lannister. Muito boa compra.,2018-06-09 00:00:00,2018-06-11 23:26:36
81b74680a91dbe06823189d12be00347,72d242bd537df6df087634f6065d7f62,5,Tudo correto.,"Recebi num prazo menor que o estimado, produto conforme anunciado, com nota fiscal.",2018-06-14 00:00:00,2018-06-15 10:54:07
70b1bb1cae9d68d36630af873a210bfc,4146a8b684caef22542409dd06db0d32,5,,"Tudo excelente desde a comora até a entrega
",2018-01-12 00:00:00,2018-01-12 20:56:10
cb322115a57768d0836e8f6653427f2a,86f3eab0f6458fbf53389a14fc8ce71a,5,,O produto chegou antes da data prevista e sem contratempos,2017-04-20 00:00:00,2017-04-20 21:43:04
bdcc11ade52828deb58f0f14bda8732e,1263b5bd7d073c9196702d47117ee5fa,1,,,2018-01-04 00:00:00,2018-01-04 11:28:01
5bb860eb74b844cd5856af33029e13d8,c8cb7b0f298cd146d61e1ce533494bca,1,,É a primeira vez que compro pela stark e o prazo dado da entrega foi de 17 dias e hoje dia 02/05 não recebi e o site é de difícil navegação.,2017-04-30 00:00:00,2017-05-02 16:24:17
79e5d0d4c79b0354d34e7f2adfbfe977,61f26d1fbc29fc8e6d6bc8ba373e81f6,4,,,2018-08-16 00:00:00,2018-08-17 19:43:07
cb99779ee3928e1f434e5f504f316f91,86f92f9e6f7eecaf30f643b1c6c3be84,4,,,2017-11-04 00:00:00,2017-11-05 12:20:36
eb10f8c8b1177f7c61dcb6011a4f0613,407b45a96cb1a7bdc352d2a499647b84,1,,"Não recebi o produto ainda, pelo prazo não recomendo.",2018-04-12 00:00:00,2018-04-12 14:04:42
014552bc1539eed96d4937a07ef1ba03,3e60f029bab712985ebe5bb542730b6e,2,,Produto entregue diferente da compra,2017-08-01 00:00:00,2017-08-01 23:27:06
56b3467cdf33a0dd43ffc20014ed092a,f679d90195e7c1e11563250d98edffb6,3,,,2018-03-23 00:00:00,2018-03-23 14:36:42
c0029b38845c45e881ba3b0a7152fc78,fb30f702a40235635b55552094ce6f88,5,,"Vendedor rápido e atencioso, recomendo a todos",2017-05-24 00:00:00,2017-05-25 03:42:16
02eca2f9db3a30155b5e8169e7c73cca,684eb867dfdc67690e5160c9e1bca789,5,,,2018-05-17 00:00:00,2018-05-22 16:49:51
27fc47eb9bb797d7352e2ea5875d633b,3f41fd6ddaad5817115c0d99360ad3e6,5,,,2017-12-12 00:00:00,2017-12-13 13:02:44
8b9378695e857ac76d994067abf1a2cb,be604de4ce5e2e8658c03895db0621a9,5,,,2018-08-25 00:00:00,2018-08-27 13:41:23
b3d36e9ea67e016c0e9e6e3e2f96c941,dc17a6461db14f3625728b10493ef332,1,Não recebi,Não recebi ainda o produto,2018-07-26 00:00:00,2018-07-30 22:14:52
2c3de1bf07365326e090e53b60f01378,43d0e984f7e7256bce2b8f15fdfef0dc,5,,,2018-06-29 00:00:00,2018-07-01 01:10:30
99fe39f6a32eb903380358023aa34a4d,0724f5287d69b7a3fbcf9ab02054ca4a,5,,a loja cumpre o prazo. o produto serviu pra o que foi adquirido.,2018-01-06 00:00:00,2018-01-08 18:16:20
1cff13df17f96b6e470a7150b3f53291,534e2b783c1e84bc830f3f372a31ba0b,5,Perfeito ,Adorei ,2018-06-20 00:00:00,2018-06-20 22:25:22
84bdcad438878c92edaa7108886955a8,982727416ef47cb3095b02dfccb621bf,5,,,2018-07-14 00:00:00,2018-08-01 12:05:43
75900a6eed193fccdd48b49880ba52ca,e488cc26536e9d4857ff7e4605f3220d,5,,Recomendo a todos produto ótimo chegou antes do prazo ,2017-02-22 00:00:00,2017-02-25 10:56:30
142e2c6d2661baecfa644cc101b0b3fc,e7ca0b469d23817d3564174fafcf56c7,5,,,2018-03-17 00:00:00,2018-03-18 04:42:28
4ddd602fc402171317c8124d0743d338,4a7187a003cd08090bc8effb19765333,5,,,2018-04-21 00:00:00,2018-04-22 17:38:04
f0a945cba21b702848fbcfc75f760c3e,1205025dd1d1757c82bc1f437bcc39c5,4,,,2018-03-08 00:00:00,2018-03-12 16:02:20
001bb836b02b47248df2f134b8babbe8,089a371eeab2f86ebe76b23a4c99d3b1,5,,"Linda , amei",2018-03-15 00:00:00,2018-03-16 11:18:48
04d79b420952522f23c5d6f923b35f09,901b7d3834c0b94a93d48cba6f2e3ce4,5,,,2018-04-24 00:00:00,2018-04-27 02:11:30
caacda82ca027255a9896c0c04bf3c96,cb2471f3b559b61183698ec6eb8694ba,4,,,2017-12-27 00:00:00,2017-12-29 20:57:20
b2d32e4df4ad89af4b5de05e48795696,ba353ad7c7f218cd458bde871ae720c5,5,,,2018-06-19 00:00:00,2018-06-19 23:55:58
9db047a03054f014c2b584fa04382ed7,a49146f414b54879adb68c422428a68e,4,Bom produto,"produto de boa qualidade;somente dois fatores contra.1 o suporte para a base do bolo fica solto,corre o risco do bolo cair.2 alguns cortes de encaixe são finos demais,quase quebrei ao montar.",2018-08-08 00:00:00,2018-08-09 00:50:08
e3cd240f8d67801ce4ef0422019f4436,36995f50cacc28693fffcdb6af6cfedc,5,,,2017-03-02 00:00:00,2017-03-05 17:09:42
7ad46a74324bff5412ec9567b814f451,768af91be1cb476b3377ca5adf097203,5,,,2018-02-15 00:00:00,2018-02-15 22:44:20
22b4fd7498bd8d494701d03e320f3f65,ac57a5e116e95f1b04e07e0b57a5f6f5,1,,"Bom dia. Comprei o produto com previsão de entrega para o dia 17/08 e até hoje não recebi. 
Att.
Milton ",2018-08-18 00:00:00,2018-08-21 09:44:27
26358a27599326be5e39b4f4b41b995f,8bf6956999b0861c3191773f28806f40,5,super recomendado,Recebi no antes do prazo combinado. ,2018-05-16 00:00:00,2018-05-16 20:03:43
00cb4a368e4745bb51371c863293a5a9,fbc32bc4a800352a5c9d8a57828b4727,4,,,2018-08-10 00:00:00,2018-08-18 23:07:49
9df0b33c4b129cb21ad140d2b9092cc0,bca2c019b40c204248a56707eabb2a2c,4,,,2017-04-08 00:00:00,2017-04-09 01:00:11
35bb42b0e58872656bcb1d8a74818149,e49d0607832db7c3b1343764225d8df6,5,Excelente produto,Produto de qualidade muito boa.,2018-05-18 00:00:00,2018-05-20 16:53:04
409182c4fa44db48a3bc187de8ffe7ed,2c87632da2d3149c3812ca5da44418e6,5,Ótimo produto,"Não possamos mais ficar sem o perspirex, eu recomendo a todos que tem problema de transpiração em excesso ",2018-06-09 00:00:00,2018-06-10 13:47:08
1371edc1caaa175962f72a1736691cc3,7965b290cc7fe4790d45eaeded895967,5,,"Apesar de ter sido entregue dentro do prazo o mesmo poderia ser menor, muito tempo desde a compra até o recebimento.",2017-12-23 00:00:00,2017-12-24 01:23:37
9649e60a77b60208b8d190c05c6682bd,64c8d713a96944349d954eb4bd62e6d5,1,,O produto veio com defeito,2018-08-23 00:00:00,2018-08-26 12:19:31
08ff4b8ed0afc05e6f8d618ff187597c,cd317fc34a4ea25ea8d1743f003712ac,2,,"nao recebi o produto, o fortalecedor de unha o mavala gostaria de saber por que ",2018-03-25 00:00:00,2018-03-27 15:02:07
7ac310425d58b442aa9555838129f30a,b837d07aca063bfa379766bb6740fdf9,1,Cancelamento do pedido ,"O produto foi comprado no começo do mês, estava quase completando a data de entrega e a empresa não tinha nem gerado a NF quanto mais entregar o produto. Por isso cancelei o pedido e quero a devolução",2018-06-01 00:00:00,2018-06-01 12:00:33
2fc0c04ca9cfcaefd8645e0ff1772218,0b941db180b52d77ad40655b465e6632,5,,,2018-01-12 00:00:00,2018-01-12 19:02:34
f1856ed655f40d91e2d9a3ab70a7f974,c768b1d3a1541f992ff2a94488a364d7,4,,,2017-10-23 00:00:00,2017-10-24 12:04:39
6be4b96bd37f4761289133e8d94048fc,204d4d908a640f0b6f4f0d306dc97fab,5,,,2017-07-22 00:00:00,2017-07-23 14:06:47
1936bde4682089477a9a600a7f8639b7,f45fbe1612ac86ee79745d5cdd1ae56f,5,,,2017-08-31 00:00:00,2017-09-01 01:02:07
8776fdfe22e549e64a61d4d65bbd9557,5c8ce05c64397c5d1c67ab8ab448ed40,5,,,2018-06-27 00:00:00,2018-06-27 15:29:15
2e012e3ab9fb8ecac39e75e8898b549c,b5796047f40aa1f6a7b80f8a8e35fcbf,3,Sim,"Boa tarde, motivo é o seguinte
O meu pedido era uma máquina de costura Galoneira 3 agulhas foi entregue uma máquina de costura Galoneira 2 agulhas e não consegui falar com o fornecedor ",2018-08-26 00:00:00,2018-08-30 16:36:25
7119a7db5578ee2adec9808a4b2753dc,9cc025093e16276c24f5b98f3dc158a2,5,,,2018-04-19 00:00:00,2018-04-26 15:38:43
25a0725c3334c71a9b1ad31094947d13,fa79b2c18a8bd1dd7fe6c20ea3986434,5,,,2017-08-12 00:00:00,2017-08-13 11:06:47
e0d52bef8236c5b847cb497cb823f9a0,994a9a6b0c7666ed14dd7790ce98bd39,5,,,2018-06-30 00:00:00,2018-07-03 00:02:35
96676687c4f9bf159afe3a10984e3110,f2614c602a0621707ca12e9a6cf3b112,4,,,2018-06-28 00:00:00,2018-06-29 14:11:38
80ece1f2521d4d61c85bbfcef646e607,39c31edc53ca82584b62224bcbce3801,1,,Não tem como avaliar positivamente se o produto ainda não foi entregue.,2017-08-23 00:00:00,2017-08-26 18:02:04
cc34856121cc02c63b8c1da0b42bc6f1,e4318982ed51e84596216f47f154d767,5,,,2017-10-22 00:00:00,2017-10-22 19:53:20
2a9e76599d21a0365f06525b3b6c1b03,b540d328af5b078f6c8aebac46ae606b,4,,,2017-11-11 00:00:00,2017-11-13 10:11:09
598f6f81856fc6ba737feec9b2560b23,79e2f7d45aa63a71363003bd1e16f081,2,,,2017-12-21 00:00:00,2017-12-22 09:58:12
967693a607179ebf1a76884ea44403a5,4db5da9151e0364d293923ca4a48d976,5,,,2018-01-17 00:00:00,2018-01-17 22:41:29
9bb96f50b708fd0116b69e84e3ce05ca,67b2796561ac2c941f6daf9881b510ae,5,,,2017-02-25 00:00:00,2017-03-08 01:16:32
0e11de1ed8fce5f994323d8dde576a56,ed9c888e1be39c7492c5810bcf8a0227,5,,,2018-03-24 00:00:00,2018-03-25 01:44:43
f2278f2dbb2823a514f9877d0edbd349,29867728eef5282c4181cbed99246268,5,,Material muito bom da bolsa.... adorei!!,2018-07-25 00:00:00,2018-07-25 22:39:23
2c378ec30360005f6258931af852595f,efe5bb701ff507ffa4736a7c07be50d2,5,,,2017-04-08 00:00:00,2017-05-27 01:53:14
d6fb5754fd7ab8358418976078d6a2c8,9a910d6ba29d7c6a50b791a7819ad3bf,5,,"O site stark dificilmente atrasa sua entregas, por esta razão será sempre recomendado por mim.",2017-04-11 00:00:00,2017-04-12 11:02:06
84ab6373d36e2f153c30a4284b2ea9e0,ca03bab92d64981b404602a7450b784c,5,,,2017-09-06 00:00:00,2017-09-06 20:34:40
ceedebddd1fe3d8c887cf56ec8c02864,783fc14b5c2cdc4ba848ad7f129c5df4,1,,Não recebi meu produto,2018-01-04 00:00:00,2018-01-05 00:26:46
24e45bed3fc0faf6fe734a10f1a0f572,2853618de7610a6cb28d21b99bbb4dfe,5,,Entrega rápida. Ionizador muito bom. Estou respirando melhor com ele. Recomendo.,2018-02-01 00:00:00,2018-02-01 22:53:29
7e773a4ec53bded9c0f69a5386ceb595,3908d6bd42f21f56dd7cabf2797b5b0d,1,Não recomendo,,2018-08-11 00:00:00,2018-08-11 17:47:54
0a294a81b7c6835acbe7ffb85f223231,78b5b205705f30bb989c4a6c7f8822e4,3,,entrega muito demorada e ainda mandaram na cor errada,2017-12-20 00:00:00,2018-02-18 18:04:21
8375d55c3b12fcf077b789072f4f5851,6e52fe67778a12f079296a3d416ebe86,4,,,2017-12-27 00:00:00,2017-12-27 17:14:13
a0d08ebbad49b4bd969f6e24375f861e,cf7cd0f395801ff5971596509470129c,1,Zero,Nunca mais comprarei a essa empresa . E as lannister também perderam um cliente.,2018-05-09 00:00:00,2018-05-11 20:38:25
6a239c8b6799bf885060756035715f97,ad36f179defc59af185b045c6e700ada,4,,,2018-04-03 00:00:00,2018-04-04 10:26:14
0fcca2d516079b06d8123ed4af3a08d3,777fcaf946b6f903bc6549785d3b3c2d,5,super recomendo,"eu comprei as bacias e achei que era as bacias grandes e vieram pequenas eu nao gostei
eu queria os jogos de bacias grandes ate a pequena acredito que e as la cusine
",2018-06-16 00:00:00,2018-06-19 23:20:33
75fc605a006b4f208da3240978d91b5d,e5ac19b38666500c28341ce6d9bb889e,4,,,2018-08-21 00:00:00,2018-08-22 22:47:58
b6ea5566d6060db04ebe53a1291e4541,c272bcd21c287498b4883c7512019702,3,,,2018-02-18 00:00:00,2018-02-20 19:23:56
af8ad5da8af2bd2354ef67fab3cf5d02,0e1756f57187e203c6151ebe990fa670,5,,,2017-09-27 00:00:00,2017-09-28 22:18:26
e0c8be8d47413208348618e713474880,63427723caf2bf22cb154f3d26951677,5,,,2017-05-03 00:00:00,2017-05-04 11:14:39
a210f113d5553aa3c0da96c3ffe457f8,9286a7cc933d6e2099098e4ae057e5dc,4,,,2018-04-03 00:00:00,2018-04-05 06:21:34
0e429163a3f30ebdb4d4f73e8576cc98,6dd0712b5d9d31ab2b006f7b510e8720,5,Muito rapido,Melhor compra do ano.,2018-06-23 00:00:00,2018-06-24 03:53:30
9afd160ca68dac6dc38317da96e3a283,93b74681985a4a11ca3b48be35576434,5,Ótimo,,2018-07-26 00:00:00,2018-07-26 22:57:27
87ae3a5be8d8157b1c4d825b1bf659fd,21235c5a99a117c776a72a4de3276027,4,Produto pequeno demais.,"Foi entregue, mas produto muito aquem do solicitado. 
Veio a medida muito pequeno, no site de venda o ideal seria ter um link demonstrativo de; P, M, G e GG.
Att;
Laudenir Carvalho
",2018-05-25 00:00:00,2018-05-26 14:38:55
45cf0253815947e90d358d41034f403e,962b2008b2f1e396e0d30b76caa96832,1,,"recebi o produto antes mesmo do prazo, porem o mesmo não funciona.",2018-03-03 00:00:00,2018-03-05 11:57:21
a44acf223e58ab562c8b328873229823,f244841f5a461472de8de82f023b1371,5,,,2017-07-07 00:00:00,2017-07-08 21:31:41
f86e1a0a1f4a0baf43e85a9f596b6f9c,3df9a0706897e062e91f253fa132b6dd,5,,,2018-08-21 00:00:00,2018-08-24 21:28:26
925d5cc1dad274e233deca1e6be54a43,d35588da5ba45ef8d7b51fa96db86059,1,,,2017-10-22 00:00:00,2017-11-08 13:43:46
548286c7b2eba7af77bc1862de8a17a9,85fb2afed45145db40381a894fed8d1b,5,,,2017-02-22 00:00:00,2017-02-22 23:27:02
1fc8b1ee3d62a649be36a62e052e3e98,b11be1ce9a1f9812763eba8c91fc84bd,5,,,2018-05-31 00:00:00,2018-05-31 18:17:05
ae807c382048ab07976899951a9c7091,6b46cdd08224cbb894ae376f13c7062b,5,,,2018-05-05 00:00:00,2018-05-07 10:02:44
9279b7e2e3782a3c7a81e8fe395af57b,6e9a1a1213572dd3cde6887df64df77b,1,,"TEM 40 DIAS QUE COMPREI 2 CADEIRAS 1 ROSA E 1 AZUL, NO DIA 13/03/2018 FOI ME ENTREGUE APENAS UM VOLUME CONSTANDO SOMENTE A CEDEIRA ROSA E A NOTA FISCAL PREGADA NO VOLUME CONSTANDO AS 2 CADEIRAS.",2018-03-15 00:00:00,2018-03-15 17:16:26
bd755df773d9af26cf64ec127c9e9099,15261e1a4e2be405c49fb08d7e07773c,4,,,2017-12-06 00:00:00,2017-12-07 23:25:56
f11d923810d99428191fb1fb6fe37cb6,41d9fff5e0bfa8712b28b761fa2f6bee,5,,super rápido !!!,2017-02-14 00:00:00,2017-02-15 15:03:39
badf537a8d99c6c09ef1aab46483b052,9fe660037a9d47d9497e2b45f902d869,2,,"Ola Ainda não recebi meu produto , o bebe vai nascer e o quarto não estará decorado, aguardo uma posição sobre a a entrega o mais rápido possível. Obrigada",2017-11-29 00:00:00,2017-12-08 03:26:36
aeaf40fd639822ecc78dce94fad4b0f0,1dae4ac9e374d9eba3736f7f8616266b,5,,Produto muito excelente eu recomendo está loja a todos,2017-12-08 00:00:00,2017-12-08 22:36:41
afa39afa5f092895626137ad59124f87,7dbe3b6d08b31967f83f9c26988bd7c7,5,,,2018-04-28 00:00:00,2018-04-29 03:01:33
f78eff0846fb880ffbba001ff83f4abb,7ad7466bf5dc89ce001a735997506fcb,5,,,2017-12-06 00:00:00,2017-12-06 11:59:54
00ae1ad03ab0c16866de3eb878351238,5b8983a14e57e83fee3e9c9b6de5dc04,3,,,2018-01-09 00:00:00,2018-01-09 22:29:27
83287722823b82694d666fb814eb1d78,963258c35a8f30e4ab41bb49c4e493c7,5,,,2018-01-20 00:00:00,2018-01-22 20:59:52
0ce4695b745740b3a6b4f307536b2347,310e89c32f0c576eb9e50723c1c23e19,5,,Cliente 100% satisfeito,2018-05-13 00:00:00,2018-05-14 12:21:24
d367c5ebef44e20f5b8e5221be603978,dae72058c85d67deae51d329e5b5938d,5,,,2017-08-12 00:00:00,2017-08-13 12:23:17
f9db40191e3575b5eed759097d787546,07c33a9470d0df2a30cc8a8ebd0288d1,4,,,2018-05-24 00:00:00,2018-05-24 19:21:15
cccb9ba844853a4d94986404fb9253ed,1f6e38ed623eb80e0fa388787c9ae848,2,,não gostei do produto,2017-05-12 00:00:00,2017-05-15 14:07:45
519be44d5610810aaac0b0ba928e8028,01a921eb5bf5df0c2990e62563ceca49,4,,,2017-12-12 00:00:00,2017-12-13 00:41:18
6ee3c2b9df4339d749e91688ccc57dcc,1d748fa1652f04b064b6cf65739b04dc,1,,O produto não foi entregue.,2018-01-04 00:00:00,2018-01-04 11:27:00
679e640571d916c9529dd4425193becf,35f1c7a905180687002390a212d166be,4,,,2018-04-17 00:00:00,2018-04-23 16:29:11
11d01fd22f36a637e9c5296036ed5983,773d4900b39c0f2c4987028481b98b34,3,,,2018-03-13 00:00:00,2018-03-14 00:43:49
34345c2999f52889e3189a233c06e498,b4587793077c17563480c33e3afa4786,5,,,2018-04-05 00:00:00,2018-04-05 19:28:21
f70d676ab50dd963dff5be21e84ed184,bf9550703d5af230399ad5d1080d6683,5,,Linda a estrutura da luminária...muito bem embalada e sem problemas na entrega....,2018-02-24 00:00:00,2018-02-25 01:38:40
9b1eb5c63f072a93768ac24eaa6aeebf,0726665518da3a4e1b9efff4de0089fc,5,,muito bom o atendimento. produto chegou rápido,2017-06-07 00:00:00,2017-06-10 14:40:43
2e3ca02ab8955f97116dd77c65ac0597,d8a7be3bdd16ebaf4601bc8252f54a08,5,Chegou antes do prazo,"Chegou antes do prazo, porém percebi q o zíper da parte menor na primeira vez ele nao abriu o feixe, mas da segunda em diante abriu, caso o feixe abra novamente entro em contato com a loja.",2018-08-17 00:00:00,2018-08-18 03:30:26
944468025d7e4b1f804631d0125096c1,84b493c33c9917471d9c6322d3c2c4f3,5,,"No prazo, bem embalado e os cartuchos estavam intactos ",2018-04-04 00:00:00,2018-04-08 16:43:50
6d9f48e77b52d2bf52ed235d4421da5d,79c0fac13b3965c6b73c3fa600059b36,5,,,2018-03-02 00:00:00,2018-03-03 16:26:31
dd7ca799a77a5a4352791b214a3384f9,0745201fea5d6f4aabd42e92a7d3b3b6,4,,"As Lojas lannister sempre surpreendem, vendas perfeitas e entregas efetuadas antes do prazo previsto.",2017-09-02 00:00:00,2017-09-03 13:13:42
99ff9bf742591eabe286c5ae88ad6698,5784dd3f2dfc12119aa244a42ed18b9c,4,,,2017-06-23 00:00:00,2017-07-14 15:05:46
93673033fd50d8cc561aed73e7d3b846,72221bc9de65dc6a45b9156909d2b6c9,5,,,2017-08-01 00:00:00,2017-08-02 02:47:24
c20d8bf50b6c2130c91457ad1279eba9,bda15d43b16684fa4eff328a7db33d8b,5,Pontualidade,Entrega rápida.,2018-08-31 00:00:00,2018-09-01 15:07:36
8868a96af64bcb405c4f3db77a998b7e,75b05e38b715aadaa9c0d7bc41e2765d,5,,,2017-12-22 00:00:00,2017-12-26 15:14:17
2957d9d733f07a7ab3da3ba6834a93e0,e680246ff33f65fe221f0e11128a4778,5,muito bom!!,Entrega antes do Prazo,2018-07-31 00:00:00,2018-08-01 12:26:40
934478779c7b6246b8de50047009fc37,0a03b50bb658dc86547261ba8cd5676e,5,,"Não tenho o que reclamar, foi tudo cumprido conforme disposto no site. ",2017-11-17 00:00:00,2017-11-18 17:28:29
b9c36cbfedab7005d64cc80f726788cd,decd1adc7d738abad2902c966c3ef697,5,,,2018-05-02 00:00:00,2018-05-04 20:39:41
9333382df549be705dca73fb8153b6da,0d33a1e4f7c4426e2adf540cb219baef,1,produto errado,"Não foi entregue a máscara reconstrutora, o selante veio mal embalado e vazou muito. O produto não tinha lacre na tampa. Não recomendo. Muito ruim. ",2018-07-04 00:00:00,2018-07-04 21:00:22
103eedf12d28d783fc7775029bc8f92f,3c40fc70c7a1287e9616fb5dce615df1,5,,,2017-10-10 00:00:00,2017-10-13 17:34:02
b6a77dcd9a03bc5003e1c657a8a76ff8,2446d3b0814e1baa4253e67f59f9c509,5,,"Chegou antes do prazo, e em perfeito estado. Muito bem embalado.",2018-02-27 00:00:00,2018-03-02 13:36:06
1bb44765d32103981ccef07fc3415b9d,3cc744d9a46682c354778726d30e384f,3,,,2017-11-08 00:00:00,2017-11-19 01:18:25
fa460ac8f716cb2c41c2f42bd9924abd,8f6f263a5e96515d5534199b74cb7748,5,,,2018-03-23 00:00:00,2018-03-24 15:39:52
4ac44bcae1ea581c50975fca9b80fa99,bf912d30c6bc748c24a568e024cf1ec4,5,Super Recomendo!!!,chegou super rápido... fiz o pedido dia 18.07 chegou dia 20.07... em perfeitas condiçoes,2018-07-21 00:00:00,2018-07-24 13:50:36
2902b27066c53cf48e6576b7bce7a52f,a73de8635a0cb0aee3da3736197f76b2,1,,Meu pedido funcionou somente 1 dia o que fazer?,2017-10-10 00:00:00,2017-10-12 16:14:55
930c94a56d251ae1bda0d5ce4fa6b618,7ab5966251309fe2519cc5810895b2f7,5,,muito bom,2018-02-03 00:00:00,2018-02-05 11:49:47
4ef7297e02e591b6fb1c5af0ed258e4f,7064a07883ee3b4bb82d7252c3519546,2,,,2017-12-29 00:00:00,2017-12-30 01:10:43
02fdd567b9de898cef433818a6242e07,af6cf105471a4c8fc88ae0af594fde44,5,,,2017-07-09 00:00:00,2017-07-10 21:35:35
6e8f5efc7f577f101beeae2f248fa899,f0f60334ebc0d94a89bfdf1d401308a0,4,Recomendo,só não recebi a nota fiscal,2018-05-25 00:00:00,2018-05-26 13:50:09
44becad33e7c066c67808b3b20111927,2ed35bba35070885f6e0ff68cefe670d,5,lindo ,mesinha linda e perfeita,2018-08-25 00:00:00,2018-08-28 13:08:40
48c90119efa0a0367568700cd532c536,f1450c491bd196d4089076234a1b5cae,5,,Ótimo,2017-10-28 00:00:00,2017-10-29 01:51:59
5ea1dec9f36a1e8ac2922138c8f4de06,f02487424b729284accf169173a4c240,4,recomendo,boa opção para compra,2018-08-03 00:00:00,2018-08-16 23:07:02
c6a45ceb704a841b6b3180221f1d187d,770be1c6a043c4e99e830bee3f5eb024,5,,,2017-05-12 00:00:00,2017-05-13 01:15:37
b6cf131054e654fceb56f8dda8fa394b,906aae501a08de5072a4db9471da01a9,5,,,2018-03-02 00:00:00,2018-03-06 16:47:03
39296277d983fb61a9962f513cca8d7a,ad430bc59db52b1f7522b6f19e669bc6,1,,Mercadoria com atraso superior ao relevante.,2017-03-29 00:00:00,2017-03-29 12:38:57
3bb574246b29223a6fdb1da6cab67047,db9a0f1b8fd85bdad5394dbdf0179aa2,3,,,2018-04-21 00:00:00,2018-04-22 01:42:34
92fee59d668af57190bd18b054a75518,771f66be24ca215d4d3415b63bae9d97,5,otima,,2018-08-30 00:00:00,2018-08-30 22:43:01
2ff8c02dd6b39252a7af2801a9559ae6,ffb18bf111fa70edf316eb0390427986,5,,Loja entrou em contato para confirmar a tenção da minha casa. Gostei muito do atendimento e do envio que foi bem rápido! ,2017-12-06 00:00:00,2017-12-11 13:49:59
76561047e665ecdc970050cd76057d4f,fbdda663869065b1521bf7be56191f6f,3,,"mas não serviu na minha impressora - HP OFFICEJET J4660 - PRECISO TROCAR ,, AGUARDO",2018-02-15 00:00:00,2018-02-18 21:15:49
592cd95ecadea843dd296a30e4444864,bc2ca758b82d10e0d335c8eb12349128,5,,,2017-07-07 00:00:00,2017-07-08 12:07:22
81dafff2e05211f93cc251a32732e24c,cec31771f7be596e463066dab5db839f,1,Não recomendo negociar,"Não entregou o produto, nota fiscal emitida em nome de outra pessoa com outro produto. Cancelou a entrega do produto por conta propria",2018-08-28 00:00:00,2018-08-29 01:13:13
8c87ea26b10a7baacfefdd5aeafd5d15,e752e06086626026b152f99c6f51fb65,5,,,2018-07-11 00:00:00,2018-07-12 00:48:27
3fb33c49be4d375ddb15913bbb8c0f73,095e9e0811476409362d72fa70d73a6c,3,,"Comprei 2 cartuchos com o mesmo vendendor e só recebi um. Sei que pode ser entregue separadamente. Mas não consigo rastrear o outro produto que não chegou, pois aparece que toda a compra foi entregue.",2018-02-20 00:00:00,2018-02-21 02:51:10
8340de53df091a043080f9354322f771,6d1e24636558186d996520563f53df00,5,,,2018-07-25 00:00:00,2018-07-25 12:59:40
cb5704a73ccbb542e6c14c1b98888127,ed35c6ec36a7b59c5e1f902280143fcd,5,,Ótimo site para compra.,2018-02-23 00:00:00,2018-02-24 00:04:52
8a955f097edef51f045167f5a21bac47,7535955a5fee70328e9fe079653e03f1,5,,,2017-05-10 00:00:00,2017-05-16 18:12:19
2f287e33f80f215bb040945b9fe3df08,a62bfc6bc99b59ccb234aa5366297fcb,5,,,2018-03-06 00:00:00,2018-03-08 18:28:48
3da54b945f85eb485ac97dc47d3fe397,20a518e7fbb9f9dd62b7ff6016f28d10,5,,,2017-09-13 00:00:00,2017-09-16 01:43:12
409e3e52d8002176e467b3cd5e7f8177,b9e0c2dfab4b400170fc1bdc4765a35e,5,,"Chegou perfeita, super recomendo",2017-10-12 00:00:00,2017-10-12 15:30:23
b85581528ab90e18f71b5f54c56d7ed1,4be3435a18d709c7bec9b8d5651088b4,2,,"Ate a presente data o produto não foi entregue. Outros produtos que foram comprados juntos, no mesma data, já foram recebidos.",2017-10-28 00:00:00,2017-10-29 11:04:54
2d1ea46ede4050ef41e09438fba6dbe5,f0670859ef34f8878debeb534fdcd855,1,,"O Produto veio correto, porém com defeito. As lentes menores estão trincadas.",2017-06-01 00:00:00,2017-06-02 11:57:23
58605bfa295a5d5bb0bc6bf4930e92a9,49f0ab1be4dd7914c9fd7f8b0e7bab69,3,,,2018-06-22 00:00:00,2018-06-23 12:35:35
69ec90172e438859031b0a21291792fa,250587cf0cafce7892b56a47a1697833,5,,Lindo e prático,2018-02-23 00:00:00,2018-03-09 13:34:18
02fd31391801a6713138bed9bc8e047b,bb9552306cf6879fde49f4ba3bd94299,1,,fiz o pedido de 4 peças e só veio uma,2017-12-24 00:00:00,2017-12-26 17:30:59
78414a852cc5572be36fd9c4a235e619,09dda1ced4a7c14c742c7f2678c36641,4,,,2017-09-02 00:00:00,2017-09-04 01:18:01
fd1e9b4ec21ad2de4fce4f4fa8a7a5b2,e55981b5cea8072097093592652571ca,5,,,2017-11-28 00:00:00,2017-12-01 13:20:39
6fede56cb0643444a56fc227090605f7,03181fddac1b424c893821ec539b2abf,5,,,2018-05-09 00:00:00,2018-05-10 00:38:55
11bc7b9c6fd573d0a820c4d28af86e18,4cb8cb3ecb5dbc9df36cb56451499a0f,5,,,2017-09-25 00:00:00,2017-09-25 21:32:45
27bb376bec6bca489f766c0f27e776e4,cda991534f8532948f833dcfb0f3ad42,5,,"Super rápido,produto perfeita condição.",2017-10-25 00:00:00,2017-10-25 14:24:33
3b4189089996e8f0036b1666c2abd040,0ae08ad3fa90d3854fb8e22472d9b1a0,3,,"Muito obrigada pelo atendimento
Deu tudo certo",2017-08-17 00:00:00,2017-08-20 00:07:17
9abb8f8b2ff7513aaf36209e22eac9c3,6bdd3d39bb6fb16ef69ef3141a3b13f6,4,,"Apenas achei a cor muito diferente do anúncio, mas sem problemas! Produto de boa qualidade ",2018-04-05 00:00:00,2018-04-05 21:50:13
38ca70688d192155a791b03ca18abc17,bbf7ad105edc929937625364891dc8c6,4,,,2017-06-23 00:00:00,2017-06-26 00:42:13
66cc4ca7461e9ea5121fb9fa42121e00,a3d314d074a652024b6b7ce9cf5e9275,5,,,2018-01-20 00:00:00,2018-01-22 13:46:46
d5995a3aa11a7325360a430d4cfb1be0,50d00c9680bdca4f471658f02ca144c3,4,,,2017-08-15 00:00:00,2017-08-16 00:43:18
3e46a17ddd60afcacedd0d3595edec41,911e973fcd823c79ed2f924eef8b0874,5,,,2018-02-22 00:00:00,2018-02-23 11:54:35
b20801e04a99b49faa3f9a97b39e507c,2d78939bfc4d766dcab37fe477841c1a,1,Recebi só um dos 2 itens ,Comprei 2 chaleiras com infusor mas a empresa só Entregou uma. ainda estou com a caixa pequena para provar que só recebi um dos produtos. Quero reembolso ou entrega urgente da outra chaleira,2018-05-29 00:00:00,2018-05-29 18:51:29
6ee638a4fa5ac0fa3295f9b7aac2a8e0,1d08b0ef8f21fe7710ecb1e433e25c0f,5,,Chegou mais rápido do que o previsto... ,2017-08-19 00:00:00,2017-08-20 08:34:15
fa93ccb6be83a4fe024c7bb36558fd95,0b87d9e59c7c19b041fe36e77aa33a42,4,Excelente,,2018-05-23 00:00:00,2018-05-24 20:06:50
24f0d429135ca8342d86d4ca1a9c0d3c,92b2185ad7819322fe1488669fcb1f31,1,,,2018-01-31 00:00:00,2018-01-31 19:29:23
130cce2e7107e1cd09063f5d8d80eb4c,e95c17e37b96427efd69412b0cc4a881,5,,,2017-05-07 00:00:00,2017-05-10 19:33:54
173fe3a68e7a2453f37667a2f7508131,8c1538f82eb9eab8cad2da706a90df93,5,,,2017-06-27 00:00:00,2017-06-27 23:45:17
8b592f04ffb1115da4b08205a4f0f3b1,fa584838f0f64e25b892b5e883b2c606,1,,prazo longo de entrega e não chegou no prazo ,2017-12-31 00:00:00,2018-01-03 13:52:42
ee61f735caf6cd607feab01fba618cc0,376cc9a8f827d17966ea7c4b182f4426,5,,,2016-10-25 00:00:00,2016-10-26 14:45:40
04d7331c3445dead49d65a0e58f72ae3,1e8c81805b92ff169971231458670460,1,Ofertado/Pago lannister,Não interessa se opera Market Place. A compra foi feita no site da lannister e pago para lannister. Se tiver que ajuizar vai ser contra lannister e lá faça o regresso contra o fornecedor.,2018-05-17 00:00:00,2018-05-20 12:04:39
7f95bb95c53c3911da3488b48fcf356c,1b7d6a3703a98513b60768df8d6c30b7,4,,"Tudo certo 
Recomendo ",2017-07-25 00:00:00,2017-07-26 02:27:00
2ecac56e26efa0b88dc2c77fa8b8aa42,c5ea69eb816127590a14c3d848e1679c,5,,,2017-05-24 00:00:00,2017-05-25 00:31:23
41ad4d1085ddbdbdcac9d3a54faacd8e,40f8df5351ca042862168f31bd853103,5,,"Entrega rápida, antes da data prevista. Parabéns e obrigada! ",2018-03-23 00:00:00,2018-03-23 18:35:21
dc4017e07c85710e24b0fcedd480e12b,b3c22881ab836451fc66d6cbf6a2083e,5,,,2018-07-26 00:00:00,2018-07-27 15:53:33
86e38adaefaafb9ebadefc8db7903df1,4c342c53eed805e5712a130cccf665ee,5,,,2017-10-18 00:00:00,2017-11-14 18:34:27
67541eb59b59f57d94e6bd4ddf718982,d7273b44707722d534c868f279e235cb,5,,satisfeita com todo processo de entrega. Parabéns,2017-11-23 00:00:00,2017-11-28 12:52:22
3c23b6dbaad626dc0b773da2d0e1a939,e1c58cc2bf1f241d4ab2e557f7ab52a6,5,,Loja confiável !,2017-09-20 00:00:00,2017-09-20 23:33:10
540e5385507166c7e148ff52ecf6fea3,17186e8730668b50ac4582f8b54c815c,5,Ótimo,"Segunda vez q compro. TD nos conformes. Produto correto, chegou até antes do prazo.",2018-06-26 00:00:00,2018-06-28 11:38:55
5206f365bc8b27f29ff978d54d1c3cc7,62bffd187fdcb56c61d7980953e3ceb7,1,,tá mais fácil a criança nascer antes do que a mamadeira chegar,2018-04-15 00:00:00,2018-04-23 20:19:24
e9b39744a39f7f4b0fe562dab944e7b7,bcf2e0138ecf66a8688ab369b802d57a,5,,,2017-09-21 00:00:00,2017-09-22 04:18:07
0e676249bb887e89cbb4562d8fd0bb9d,8cac878a789b20ccf75238a5429195dc,5,,,2018-04-07 00:00:00,2018-04-09 16:45:01
1c476b915d71280637cdb446e9f2263e,264e91053cd726b067922356be6fd618,5,,,2017-08-22 00:00:00,2017-08-23 10:40:49
72954e24af6fe22c6732fdf650c77dfc,38e300c6758b36eb5bb0234a3ac1fe53,5,,Entrega dentro do prazo produto de ótima qualidade ,2018-01-09 00:00:00,2018-01-10 00:04:12
e2db314db3fefafefcccaed1e6f465ac,b9e59da979fffff5191bcc3345de9127,5,,Adoro comprar nessa loja ,2018-01-12 00:00:00,2018-01-15 00:51:55
756550cd0f0c26fa589881397382aba3,80d83b7a6c9a79612f4957850ec91be4,1,,NÃO RECEBI O PRODUTO ATÉ HOJE,2018-04-21 00:00:00,2018-04-24 15:39:23
f49020957999ca2dc651427627eb8dbe,c3aaf1005cc94a2f5efdf91212caa0b0,4,Bom,,2018-05-08 00:00:00,2018-05-10 15:53:18
0c729ca416c79371f2a420110453acaa,de4b205a30d85c902a79bf99f8c77c21,4,,Produto de boa qualidade a entrega foi antes do prazo estou muita satisfeita.,2017-04-19 00:00:00,2017-04-19 22:10:27
11b51c0d3829f80db77b70924d3af654,fee5a1127dde04aca98c3dd84e96d471,5,,,2017-10-12 00:00:00,2017-10-13 01:50:25
cb2404c0d5813041e206951495111e8f,2a3f9da1b73d48af85d04f8550b3d156,5,,,2018-02-09 00:00:00,2018-02-14 14:49:48
fc18ccf1e624cbbd0e39b800e6981a70,6513ea5bc339ea05486f92db1405a522,5,Entrega super rápida,Produto muito bom conforme o que eu esperava e a entrega super mega rápida.,2018-06-19 00:00:00,2018-06-20 00:53:28
ea1cf40a6fe8685b1d44608387be45dc,a0c98bdda8405aeaa4b87bdcdd25da22,5,Super recomendado,,2018-08-28 00:00:00,2018-08-29 22:20:51
3c6c35cf43cded35891fe92f83bf6a33,6ac314f1970b39cf3b7760803caf3c23,5,,muito bom,2018-07-24 00:00:00,2018-07-27 01:06:32
c52c51ebdcc6d4e1213cecf8c43978ee,9b881df263e0c26b3fb8584bc0da7317,5,,"Adorei a compra, entrega no prazo e bem embalado ",2017-12-12 00:00:00,2017-12-13 00:22:06
d01bf7ac62720a9f9b26a06400d48ae6,5a00b4d35edffc56b825c3646a99ba9d,1,,Até agora não recebi nada até agora,2017-07-27 00:00:00,2017-07-27 07:42:34
5b1b83351f552d111bc6f4d64461b3bb,7540eaa703ba0f9ab8cfb6ce7291a83b,4,,,2017-03-31 00:00:00,2017-04-01 00:26:34
7b1737f4c49e86dfbfe24f5d6736bfac,71ebd46bcd6c3ff32ce6da77c9a6702a,5,,ate o momento tudo que compro chegar rapido e sem defeitos.parabens.,2017-11-22 00:00:00,2017-11-23 13:31:06
f65d5d614182f5b68819e57f3102f10c,90f3963bbaa0e66ce36c4f9be2ed2914,5,,,2017-10-04 00:00:00,2017-10-05 23:06:10
97c2d8eea560a100d67aac7a9baf1c6d,ae7f30650fe9c91685d2fb23a527df97,4,Incoerência ,"Vcs faturaram e enviaram as duas capas para Zenfone 4 e cancelaram a compra do aparelho sem nenhuma justificativa. Mas sem problema , o Carrefour já me vendeu e entregou. ",2018-05-24 00:00:00,2018-05-25 00:05:54
d32faeb2130df5f71bb878776ba67ad0,ea55102263a7f58c4b3090b655c2bc00,5,,,2018-03-29 00:00:00,2018-04-02 02:41:17
6d81726f30f903095cdc61098cbb1997,4e797467960184f4812ea77710c08b05,5,,"PARAMBELISO TODA EQUIPE PELO BOM TRABALHO, E PONTUDALIDADE.
MEUS PARABÉNS, COM O MEU ABRAÇO A TODOS.
JOSÉ CARNEIRO BH MG.",2018-02-02 00:00:00,2018-02-03 14:12:39
e6d9e3678df6b7edcdd9a2fe698b980b,c60a42174ebe36481da792fbb7da904f,5,,,2017-04-29 00:00:00,2017-05-03 10:00:06
3afd0c815012ae86d47104b963bc051a,855302e009dbafa86035003b00a49cd2,5,otimo,Produto entregue muito antes do prazo o produto ainda não instalei mas ele é lindo!!!,2018-06-12 00:00:00,2018-06-13 00:01:43
582e04a596fa0537e3cf3dfcb6ad064e,2fe10d4ed06c8a5a632ed06bb5f33dc0,4,Positivo,"Recomendo, entrega no prazo e produto bom.",2018-08-11 00:00:00,2018-08-12 02:01:55
d7bf592464ead2543b92df79189b16d1,cf1b24b9c3eb7257436b2e7b176444a8,5,,chegou antes do prazo,2018-04-11 00:00:00,2018-04-12 23:32:13
1b50484142d2da12c69b9e0dd7273127,fc0b3be9d66d6db8d306c15407ece0d7,5,Perfeito,Top conforme anunciado,2018-06-29 00:00:00,2018-07-19 20:33:32
600cd4cc31219684a6f9510058aae20e,ab208b143122e9e71bd46dbe322baf85,5,,,2018-06-29 00:00:00,2018-07-04 19:30:00
e3b59b182a69171bc22c9460c193dbcd,434f7a628e876492870a0849b88e007a,5,,,2018-07-03 00:00:00,2018-07-05 17:51:39
0ebfb0a2eb733eb9e82b91abd0a751c8,35123d3f1c7606f81eb9b60272f907df,5,,,2017-02-14 00:00:00,2017-02-16 22:31:13
15861227d83780d290933a8f02323472,af267dd4b62acc26802a30eef78e7afb,5,,,2018-06-21 00:00:00,2018-06-23 12:13:35
a8f1111819d30ddcba9e98eceebbdb27,574f906eedf477adaf3507222887d81f,1,Falta de respeito,Falta de respeito e total desinformação com o cliente. Além da omissão total da stark. Uma vergonha,2018-07-20 00:00:00,2018-07-20 13:34:16
6680252b3345f6e42c62fb289d52974f,9e4732bc7d87af92e840a4427c41a5d9,5,,,2018-06-10 00:00:00,2018-06-10 20:53:33
312ed5a12a0eb43849413a43910c77f7,2e21f1cfb4d53ac6710fdd9956f35f54,3,,,2018-01-06 00:00:00,2018-01-09 10:27:51
d783a9fcdfa4e8f4b8e8bbe29cb73d3c,01fa35042136b75da24ce2a391b30eb9,5,,,2018-01-13 00:00:00,2018-01-16 01:03:14
c71ba03f1a6e2d2031f98baa5b0f9529,67df019d84e04f3b626f8ede2dce4517,3,recomendo,"O correio só fez uma tentativa de entrega e o produto ficou somente 7 dias no correio, depois foi devolvido, o que está causando bastante stress. ",2018-07-26 00:00:00,2018-07-26 12:30:35
8dec0e82fb5e9ab7e83eaed6006a5d38,ff543157c2f72dec558dfc734cfd46f7,1,,Até agora não recebi o produto e ninguém me dá uma posição a respeito.,2018-04-25 00:00:00,2018-04-25 10:04:20
0dc0fa5941a93260a51e03b73f743bd3,8335800095520f0d31f7e19c08c135b3,5,,Excelente Atendimento e extremamente rápido.,2017-12-07 00:00:00,2017-12-11 23:18:00
2e92f58041809a7a053ea958245deb2a,70e51d3f5d7998b5e5dc66bf35d31425,4,,,2017-05-17 00:00:00,2017-05-21 22:52:16
aba2557588ce43e4edfa9f6eb4489a23,9870255ce4fd27e8b651ee15e606d903,4,,,2018-03-11 00:00:00,2018-03-14 09:54:07
17a64021386c9d081b26bfbe694e9c62,e4b054cad5be6beb018f30ae256b1672,2,,,2018-02-01 00:00:00,2018-02-02 01:07:43
2b77305b6ad3a4e1441edd1ce92a7092,912806f58b85a8b3b9a57757227c9a36,1,,"Até momento, não recebi informações de produto.
",2018-01-24 00:00:00,2018-01-24 21:27:50
c19d2569be7e377a0d3a99464576d99d,9a92634d7c186b507d82bd00823929a2,5,,,2018-04-26 00:00:00,2018-04-26 22:22:36
d6af7a39c9ac6734c91db55a5e923cf6,56dc7f1b8195b7fbdd6479f055a203bb,5,,"O produto foi entregue muito antes do prazo, em perfeitas condições",2018-03-29 00:00:00,2018-03-30 19:09:28
52cbaf2c82ba55ef75ee22289444761f,8cf765eeef8f04ca929a1cf64ffa2584,4,,,2018-08-28 00:00:00,2018-08-30 19:16:14
5b94961d9765588bc98c917e20a898ef,4f53648717b48854fb9db283e2cf5d27,4,,Tudo certo,2017-05-20 00:00:00,2017-05-21 11:58:45
7649f28b65ccbc21f948f7b2382e5c61,6eea8cd99d26a8bbdf39d5289e4e7601,5,,Ótimo recomendo é ótimo,2017-06-20 00:00:00,2017-06-20 15:44:09
f1c895e73c5dedfe8fa793f4fd565559,f96b5c312ad850920b6aed06ee8881ad,3,,,2018-01-13 00:00:00,2018-01-17 20:08:57
f4512a02d1a9160fad7e89609fd10f70,458c3becc527a774b463c7beaa28b105,5,,"Parabéns aos envolvidos!
Produto foi entregue corretamente e até antes do prazo estabelecido!!",2018-05-15 00:00:00,2018-05-15 22:42:43
2cda681132f5b7e6125645c8651c4756,f6ec769c796ea963843da58718ada694,1,Falta de informação,Não recebi informação sobre o produto que parecia estar perdido no transporte.,2018-05-17 00:00:00,2018-05-20 13:13:14
801fa799401fe785c85ee1189e6e04f2,883915e4c377d6f9192fad3ae5d4374c,5,,Só que nao cabe sacola de supermercado conforme falado na descrição. Em geral um excelente produto.,2018-08-22 00:00:00,2018-08-25 01:10:56
bee09971586cc445731937aa34b3087a,d6e170b889c3bb4770d46aaa63e498eb,4,,,2018-07-03 00:00:00,2018-07-05 16:25:39
ba9f66fa80bd218dd44432c833bef20b,b89f21041d3c9c9b84a3c6b65b7ffcdb,4,,,2018-03-09 00:00:00,2018-03-12 17:46:27
a277ccb5ed574a9dd78b629a5c14153f,b0f1788449620cd7f71d55b336967c24,5,,,2017-11-02 00:00:00,2017-11-07 15:56:25
593aad7ac21051fbf89db8e397d64fb2,c9cf1b341e0a14fb94022101fa6c4604,5,Entregaram antes,Recebi com surpresa o produto bem antes do prazo definido na compra.,2018-05-19 00:00:00,2018-05-21 17:48:17
5e30570e240045858f83fcc6bf191300,76a34d13a444dc9e514d59482291ba07,3,,ainda eu não recomendo pois era duas cadeiras e veio somente uma falei com quem me vendeu e me disse que vai ser entregue essa semana ainda então vou aguardar se me entregarem certo ai eu recomomendo,2017-12-23 00:00:00,2017-12-25 20:08:56
f2a479207e94403d6a05045c65356ce1,b4c9f083bce61caf47fb38f9ba058bce,5,,O pedido foi cancelado por mim.,2017-09-01 00:00:00,2017-09-01 08:11:37
83fa362e616999601329c82a89ed82e1,3aae5f4d2c104f1d6f7620143be23d7f,5,,,2018-04-13 00:00:00,2018-04-13 19:17:59
941c5a58411c49f7ff04653795631fb0,5a06ec99090e75d00d2b33b0efdce2f4,5,,"Recebi o produto e ainda um brinde maravilhoso!
Isso é surpreender ao cliente.",2017-02-16 00:00:00,2017-02-16 14:26:53
f17aff44e4678e4cb2a4bc0f06fd4082,bef79681fbe33b2789095e966c159563,5,,O produto recebido chegou dentro do prazo e das expectativas de qualidadexpreço.,2018-02-15 00:00:00,2018-02-19 13:19:26
8eee82618b251e434c59a77165a4356d,3783fa21a4b027e3da0b6b3db6e1dc3f,5,,,2018-06-27 00:00:00,2018-06-30 01:59:18
ee5af06d65642c6eee80acc78bbb0a6a,9476149aec45b9b1774a161abcce8631,5,bom,nada contra,2018-07-05 00:00:00,2018-07-07 03:02:29
ce46ccd0da666eeace048eb9c4cab9e5,8ec29b681fd22a8225b16acff79330a0,5,Boa Entrega.,Recomendo a loja.,2018-07-27 00:00:00,2018-07-29 20:12:31
f71d2260e53c63c6b4b726c178a13e9b,2f722ee8f3d3db0d19cee8ebea6fa69e,1,,"Enviaram as colchas separadas, tive q abrir reclamaçao porque chegou 1 nota fiscal c o valor das 2,contudo só chegou 1.Depois de 2 dias entregaram a segunda, ou seja, não faz sentido.",2017-08-29 00:00:00,2017-08-31 10:22:29
7d2af8ce7c00d8af186eeb9604b5bca3,22cd5c06a19914a8094c39a506a7ac05,5,,,2018-03-18 00:00:00,2018-03-20 13:59:04
41a4abfe901c33626acb2059d6b1ea4f,87cf2adfb8afa786cac2d49bab89d389,4,,,2018-03-15 00:00:00,2018-03-15 22:33:20
009eaaa60b1224518ad27ae49174a26f,f46d498479ef20f7cbe0d471d9ca0bcd,1,,,2017-07-23 00:00:00,2017-07-23 19:32:34
ddc8301b97da7a5db0090c1ec6173831,38ceb430670a97a62dda6e748ec94f69,4,,,2017-10-12 00:00:00,2017-10-14 16:04:46
abdd182be5f870f9e823fa2317514ce1,a944939844cbf212ca7f7a3eb4a8d5ed,4,,,2017-06-06 00:00:00,2017-06-09 03:35:03
85e6a8e60827ae26b9f888075671454c,a50f3e03765e8315c06a23e128aca380,5,Parabéns,"Produto bom e entregue dentro do prazo, comprei para minha mãe de presente",2018-05-08 00:00:00,2018-05-10 16:50:10
6c045aad6deb93684b800d67d83f583a,b74d9d05094d192b78eec20610faec65,1,,Quase um mês no aguardo do produto! ,2018-03-24 00:00:00,2018-03-25 01:11:33
e7a27d0f064838ee30ca9a2b7139893b,ab2bdf1229c8b790d6ebf0f703023f01,5,,,2018-04-13 00:00:00,2018-05-12 12:28:08
d4d214f457f191e7a0bcc4f0e3d4d3d2,a65e0938a2f3dc167ee856d4feb33290,4,,,2017-05-16 00:00:00,2017-05-17 16:02:52
2ff88fd46e718e9cb3cdc748acfe3291,d1a9489720f6071530979a98e14b2772,5,ótima ,Produto entregue no prazo. Estou muito satisfeito,2018-06-03 00:00:00,2018-06-07 01:01:23
ce2d52794da5598915be4215da2dc96e,8682a030870edcce6a8b8299b68aa4d6,3,Satisteito,"Qualidade atual do produto está inferior, a espessura do aluminio foi reduzida, com isso não realizar a vedação por completa da forma, ocasionando o vasamento do vapor.",2018-08-03 00:00:00,2018-08-10 15:34:27
0b51553f3cd2e9606b9c0f25667dc5bb,095e9e0811476409362d72fa70d73a6c,5,,,2018-03-15 00:00:00,2018-03-15 11:00:21
a0b6553aa643e1781e0aa4ac0380440a,2fd30a0079e9100628c92bb583ff56ec,5,,,2018-08-15 00:00:00,2018-08-16 12:05:12
f43bee5a4c4b6941e7e30904b112b79e,c9f8b15e667ca2f541bf3e608b5c1192,4,,,2018-01-19 00:00:00,2018-01-20 13:08:00
e761230ed1f6b179533a4400317ba9c7,e3852ebb9e79c3422a17692da2c89ee5,5,,,2017-05-23 00:00:00,2017-05-24 13:27:34
54c9ebe6c1fadfa94cd9c42a7bf3308c,e64772f0c75da6c3c6622cb989961c9e,4,,,2017-03-04 00:00:00,2017-03-06 20:02:40
defeec37a1a26c2906cf4d5f5e61be0e,8431c1024f6407ab4f4b5f45a60fbb4f,5,,muito rápido,2018-04-12 00:00:00,2018-04-13 01:05:08
a56a3b99f43ed1fced8caa100070ea10,2542fe494d4b37b79ed85377e12c53a6,5,,,2018-08-16 00:00:00,2018-08-18 17:09:33
8d6cfab72e1d04e4d1452d32c83e2267,c2e2f15f541c1823bc6d1e558f9323db,5,,,2018-02-24 00:00:00,2018-02-25 12:01:42
2d8905c5232028efb93060b505214328,b11277967c91e971b81a787a51849320,5,,,2017-03-15 00:00:00,2017-03-16 10:55:04
b31d99425b80191f650ccbaae11ceeea,b01e3ee0b1aa883fb12d7161e3d979fc,3,,,2018-01-12 00:00:00,2018-01-13 12:17:15
45d33d3d3dde041b9978cc50881f2247,5d70582531ed37f284797ba1354e0c50,5,,,2017-04-06 00:00:00,2017-04-08 22:22:57
ebb485f0b9a3456afdfd2c9c3231d4cd,c3d36e1799e432857de125edbd428c0b,5,,,2017-06-23 00:00:00,2017-06-24 03:02:17
70df17edf1f459470eaab0f0c8d2e02b,eecde1205c668fec3e2b7643c4f805cc,4,,,2017-05-11 00:00:00,2017-05-11 21:49:13
ea5bd60abc7d2deb65fdeab4fb08baf0,581b53cbadd804220b785d243c6b0ccd,5,,,2018-06-21 00:00:00,2018-06-24 01:01:37
7c69fcbd86399d432e0241dff0224dd5,b12e5d725658a4566286153c51727af2,4,,,2017-05-18 00:00:00,2017-05-19 11:41:51
58e3fcf0a999afa75d8800ea5d163f7f,bc1719cc645341cf9ae61983e31f26bd,5,,Um site que sempre confio para minhas compras. Eu recomendado.,2017-06-09 00:00:00,2017-06-10 00:11:09
78042da7e13bd0ae2d70d34d93dd8e04,1636a9053d37c67f6463b90121fa81cc,5,,,2018-06-21 00:00:00,2018-06-23 09:28:55
45138da5bd7501e2b44316e2f8b91f63,40c42d9f9f9e938bae28e7716b4a748f,1,,,2017-12-21 00:00:00,2018-01-05 09:30:33
3e837411413766d61ddecf6cf29efcf0,d819490edd3b5a3d69b114bb1eed977e,3,,,2018-06-24 00:00:00,2018-06-29 00:59:09
82e1a531d9ad7df7ddcb6031ae23d55f,ecb4d57a1f4dabdb34dcc3ddba82bc51,1,,Não recebi o produto!!,2017-05-28 00:00:00,2017-05-29 10:40:25
04f86667398b295918409bd08f9e44a0,40c4ddc2d5c871c28df2d3f804f02340,4,,,2017-08-10 00:00:00,2017-08-13 12:22:54
5d5088a386cca58ed893c6bd556f19c6,6b092965cc5bcd955107ed81c1acd489,5,,,2018-07-25 00:00:00,2018-08-01 14:52:24
b70e23068819584b9828d1a5d3cc3b2d,16de740155e4e909578bd90826a632c1,5,,,2018-08-30 00:00:00,2018-09-02 12:10:18
88024f95907ea1bb58113c22d5fa1df0,eca79ed411acb63a03e097fa18411797,5,,,2017-08-29 00:00:00,2017-08-30 00:54:46
e003a42f3a8316e98393c5eabc2a2c3f,cd4b3eb02a077e4c51607df950c8237b,5,,,2018-08-25 00:00:00,2018-08-27 18:24:31
b96778286497f47942bb9d1f588545b8,6895b2b445ba6fc95b205ec5d0d5f25f,5,,,2018-08-29 00:00:00,2018-08-30 22:07:30
71b684e9d7a7ee502618574b1c04ba0f,65b8cbd6d0ad97befea844cc40817ccb,3,,,2017-05-24 00:00:00,2017-06-17 02:19:23
183d3444d21d349d7d1299a60b26d476,d342d7bad292d68d41d58ffb594cf431,4,,,2018-05-01 00:00:00,2018-05-09 16:23:01
4b1cf4629cdc2c979e5a703bff14fb81,1d0ec3f28fc4f0dfe429d70f0f2acf7f,3,Entrega,Muito bom comprar com vcs,2018-08-28 00:00:00,2018-08-28 20:49:30
a007eac729cb793a5ea87a4770227299,fb746a5589147f8645b6c4adec4fdbdc,1,,"O produto nao é o mesmo da foto, a qualidade é pessima, muito mal acabado, faltam furos para instalar o aparelho, sugiro retirar esse fornecedor do site da lannister. estou devolvendo",2018-03-06 00:00:00,2018-03-11 23:25:56
55f2cc080e925c8b5015430f7319cb32,b560c6ec87e95f7414ff53cb57b58a12,2,,,2018-01-14 00:00:00,2018-01-14 09:01:10
7def60cabc26477003a05c0b9d183e2a,c387679d4cea1d6f624cec1542b9d359,4,,,2017-06-06 00:00:00,2017-06-06 23:25:20
74baf03c01898fa8bb07580d1b2e0630,ab74c0e5d243c75a0289ac0ed8811a97,5,,Recomendo - tudo ocorreu perfeitamente.,2017-07-06 00:00:00,2017-07-07 17:05:41
c2450b856e98d3c5c67111d03f059daf,efd2e87c44bebee6e88c8677e9e94448,3,Diferente da imagem,"Comprei a cadeira que julgava ser a mesma da imagem, chegou uma semelhante porém não atendeu minhas necessidades, a cadeira não certo, ela cede pra frente conforme senta, não possui estabilidade",2018-04-28 00:00:00,2018-04-30 03:26:53
adb1d5514dc49d9c6311197ef7598804,0dfa86a9022c9929b3d7311150151f68,4,-,-,2018-08-09 00:00:00,2018-08-09 21:25:19
f5419cc6cda253e3d9aaa6ac1bf3c085,4bb0dade496fdb8b82cd2fe250996451,5,,,2018-08-22 00:00:00,2018-08-23 15:37:02
dd5d5b718dc3d8aae7ab848e2d52379f,0c02a4cb5207e682d63a1343cbddd13b,2,,A transportadora que a loja escolheu é muito incompetente ainda não entregou o produto,2018-03-14 00:00:00,2018-03-18 12:34:33
64927af972e5d1af74f436fca191a2f5,9c30d1a4692fbd9418f2404ada176ccd,5,,,2017-12-07 00:00:00,2017-12-08 15:59:58
b1087c9530bba1f1aca49b91ee06af6a,fa6d3eb110ceb1c2b98c7d158c6d1671,5,,"Recebi o produto perfeitamente e até antes do prazo esperado, eu recomendo.",2017-02-14 00:00:00,2017-03-02 14:08:56
7eaca83e424f001ce8d778c97b02ac16,b5f13aa3a46ca3005d39389331866fe4,3,3,,2018-06-02 00:00:00,2018-06-02 22:57:25
c84cbbc7a0d218006a057046cadce5fd,b12c008387c613526c4560e87f3f0dbf,5,,Ótimo produto e exatamente como descrito.,2017-06-13 00:00:00,2017-06-14 10:26:29
107988a7076b0c4719576a6bf387a53b,80341e701b91f4e9f068a3ec40fb0440,5,,,2017-02-25 00:00:00,2017-02-27 15:33:44
a9955eecf6c6b51e9eb3bbed46ad7805,60f2ddc8d4430b5d01a1b3aa873d2d03,5,,,2018-01-19 00:00:00,2018-01-22 11:11:24
9079b17a07c1fbf59d66ba8b5cced421,374fd048ff590c1059eb5d4fe2d892b4,3,,,2018-07-28 00:00:00,2018-07-28 23:23:13
cec1a6e47c108f2344abd8a25e7b02cd,e9977cc6d0f97447ef0f4fcc2e082fc8,4,,,2017-02-22 00:00:00,2017-02-25 04:19:33
5c9fc5f0317e9b7b28e8108ab02b0513,4d65b53f48c951380c38eb2aadc99138,4,,,2017-05-12 00:00:00,2017-05-15 16:24:36
e7c3d585166186598bbda31abe0abe8b,9cd2736eb96c50673ad7bb77faacf085,5,,Estou muito satisfeita. Era o que esperava.,2018-02-16 00:00:00,2018-02-16 19:41:08
312f7af9ec4b72dbe68619fc5880d72e,11b6318ec732b94b5593c66ef1f37863,5,,,2018-05-19 00:00:00,2018-05-21 19:43:28
792a8e117cf8aa1a34382436bb75d0c2,3785ffb02b0b201a23df7daf357c271d,4,,Muito bom ,2017-10-08 00:00:00,2017-10-08 19:38:10
aabcb0b96de103aa3d10725986ce57d0,5bb20a1f6eecf52b15642965e33b6dde,4,,,2018-07-24 00:00:00,2018-07-27 11:18:18
0788fe13cf0f3fc141ce2c4ff511440a,fdee205e2e0cc6ac53cbd0b6df510d6d,4,,,2018-01-31 00:00:00,2018-02-08 21:04:37
9f3f4837b8576a0ac87c14bc6825fe9a,e8f4435c1db6d7bf9e191fd9bd6a6682,5,,Exatamente o que precisava...,2018-06-26 00:00:00,2018-06-29 15:04:50
ad6fa21058052286ebdb6bbd5891d2ff,801bda1bc87e8484430a1ad75f51f128,1,,,2017-03-11 00:00:00,2017-03-13 12:49:04
a3898b93dd906e6eda8b7dcdec1d047c,a77c21d752d5b237bed9d74c9d94bb20,5,,recebi ante dos prazo,2018-03-30 00:00:00,2018-03-30 23:31:44
8325c78143e7279ee43c1ff5d00b7328,d447462f58938dfc50467353f88655cb,5,,"Muito bom , confiavel",2017-05-18 00:00:00,2017-05-22 11:07:45
1a5f12d8cc674186bd3dc723e48d7aa3,87ab9ab3d80a94a8bf706297277c0f16,4,,Foi entregue antes do prazo,2018-03-20 00:00:00,2018-03-21 21:11:31
fcd4985c5bec409242aa620bfa0682ce,fc8cfb0445794a015aae85ee6bdcf12b,5,,Recebi bem antes do prazo e o produto chegou perfeito! Recomendo.,2017-07-26 00:00:00,2017-07-27 16:06:41
25b7211236369605060e2c1b3bc81ff8,f979267a9c0c47a8c7ad427ba7cf3407,5,,Relógio é menor do que eu imaginava. Mas é lindo e ficou muito bom no meu braço. Chegou no prazo. Recomendo!!!,2017-08-12 00:00:00,2017-08-12 18:44:29
1f3e0f6460d44b374ab281101fc2ff81,f94a0462cf50552772e515493550bc4e,5,,,2018-02-22 00:00:00,2018-02-22 23:59:45
51a71df77bff4a4ff75ca87c7550fe1c,bd72f84bd892f4e829d7fa262004487d,1,,"O atendimento pela central é horrível. Ninguém atende o telefone, meu produto chego errado! Vou reclamar nas redes sociais ( não sei como essa loja ainda funciona) é melhor fechar com um serviço ",2018-03-27 00:00:00,2018-03-28 03:01:00
4f22ea4e986617a15be41c1940a1a3a4,e7938bd84b6b7a281bce96a5bc2340f8,5,Parabéns nota 10!,Saiu tudo conforme o combinado loja nota 10.... pode compra sem medo.,2018-05-11 00:00:00,2018-05-12 19:48:38
c7a9232c4a62bf13d956a35b440aa261,1b4255d9c878894e1d30af0d984c9c7f,5,,,2018-03-13 00:00:00,2018-03-13 23:05:26
858226160cc0d0fd05b08548ecc4f02c,c05e92bb9bfed43c6e5b6d3723fbcc2f,2,Produto não chegou,"Olá,
O produto retornou para o CD, vou receber um reembolso?",2018-07-29 00:00:00,2018-07-31 03:11:42
b407238dd50c401b0cb73e81c2dd74fb,a07c319b821b5707ba0b018c7ad63aef,5,,Bom vendedor chegou dentro do prazo tudo ok,2017-08-08 00:00:00,2017-08-11 02:42:06
4eab54820739947cf363e8c7e32f91cf,fe89b0d8ed4855fadd959956eaf4cbda,5,,,2017-08-12 00:00:00,2017-08-15 12:27:54
569a00f462106a953620572695dabaca,7ede340903c485e891cba5b1064ecf5c,4,,,2018-04-27 00:00:00,2018-04-30 14:23:56
554fc78b087cf9e06cb15f1631c3d63b,6a91f55a2fad58d1b580326cd07f5795,1,,Loja possui o produto mas não deseja enviar.,2017-09-07 00:00:00,2017-09-07 14:27:22
d00967913362625fa161437bca6b03d2,70af5c624ad6c3daf236b9acb1ada8d0,5,,Muito bom funcionou ok com certificado Serasa.,2017-08-22 00:00:00,2017-08-23 12:45:19
9f29d235c8836a14bfec98053f11b1fa,ea1210816b91efb1908d9ba1bbcdbbba,5,Ótimo ,"Produto ótimo,recebi bem antes do prazo.Muito satisfeita.",2018-06-15 00:00:00,2018-06-16 12:28:51
ee6676e0f4b25c2edff7190a4f04e8c7,7ca7a07f7d966253bdf088730665e423,5,,,2018-04-21 00:00:00,2018-04-24 00:43:25
e8ba5ec028ada1f73891685551e78b7f,00471463a6106056c1a2a809f70de640,5,,,2017-10-13 00:00:00,2017-10-19 14:10:40
62aa8923f538b18ce951160ed4412185,5d1ab3e75c76552ea4661a441fe24d78,1,,"Quero devolver o produto e não consigo. No site diz que a pulseira possui pederneira, mas não tem. Sem dizer que comprei 5 e chegou apenas 1.",2017-09-23 00:00:00,2017-09-24 10:33:31
c2bb102a94acaf7da9a63a7237177fd5,9512251cbae0778ea863f6242d3e5789,3,,Não tinham o produto em estoque mas entraram em contato comunicando o ocorrido. Só não me lembro se o valor pago já foi devolvido...,2017-07-07 00:00:00,2017-07-07 15:24:42
3160ce3a6891af909b96edc7bf96892f,7f9cfd88530c3c6d0ce6084b27ef46ff,2,,,2018-08-23 00:00:00,2018-08-27 18:44:02
efe78d9472d99a721249768f9cde52a8,6d7de866a140b19d09e825b2a4e944c7,2,,,2018-04-25 00:00:00,2018-04-28 11:07:43
df4a9f1730c85e6c76aeef6d6fed1fdd,81d6162a00e7332a42e9f26375953d74,5,,,2017-09-15 00:00:00,2017-09-16 13:11:18
5c0b311cd14df2fb330c16275cdf5088,42859f65ccaf46af651014e239a1a71f,4,,,2017-07-19 00:00:00,2017-07-24 11:15:41
c36b2af48975e0f1ee2c6c1405ceb560,59754064fe4ffec6c0149904a6573d81,1,,,2017-08-06 00:00:00,2017-08-12 11:03:52
fc38a9a87ff7129862ac614a788bb828,de890ca80410c861b4fc9d398bd4676c,5,,,2018-06-22 00:00:00,2018-06-22 15:34:49
bf3851061be7ca78f29c373cc132d074,71ae442d46d1764c665ba4c9e3073864,1,ruim,"pedido efetuado e pago em 06/08/2018, e ainda não entregue",2018-08-24 00:00:00,2018-08-24 18:29:24
81dca36b3fbe0068f016c96377d43e32,9c5b6f458d5e5f8e372c112f8b658af6,4,,,2018-03-24 00:00:00,2018-03-26 08:05:56
0141189a6944fdf66abd7b0c66687c52,e53a8a6728d3ba5c3662929455d7a6d3,5,,Entregue antes do prazo,2018-08-28 00:00:00,2018-08-29 09:48:14
d28f5a8276418e2c329b2909b7d66254,7f3be76847c89f58b912a7adf2d77f3e,5,,Excelente,2018-06-20 00:00:00,2018-06-21 01:02:06
04b4f4652c998713e01a68ede227884d,e7c984c7684388a750178a7187b29cc4,4,,,2017-08-01 00:00:00,2017-08-02 23:44:57
1bcf89ee7d13a8e29abb4a22198fc3e0,068bd285dca5547429e81de9e95ff9cf,5,,,2018-02-01 00:00:00,2018-02-01 13:14:08
53b3849351eaa283572bd360f81fe622,e989ba2c566a8bba506c12084cf211f1,4,,,2017-10-14 00:00:00,2017-10-17 09:39:41
fff46a81581165f634f0e05cfdfde91d,bdf2706f341d19f5943d9a5c7355d045,5,,"Nem acreditei quando conferi o produto, chegou muito rápido",2017-09-09 00:00:00,2017-09-10 12:45:06
b3949610924ad823dab19492bafb7d5e,f162b64870a8b725213ab6ad3007bc6f,4,,película fica excelente ,2017-07-01 00:00:00,2017-07-04 01:24:33
259618944c1a5f233c0f28b9bf9003bb,219170fb08f8e9140c121645abb11cd0,5,,,2017-05-13 00:00:00,2017-05-15 11:52:07
e6f629c728698d7ef1872d93483c432a,91573a4598aedfc413fcb39e43d68768,5,,,2017-05-12 00:00:00,2017-05-13 10:16:57
28354180ea09f81d1a40164bdb43ced4,d0848e46e16c282e0590623021ba6940,5,,,2018-06-26 00:00:00,2018-06-27 16:48:35
6624d11aa1e7a95b4dfc99b455182f5d,66aac47537a2b6a195103fcd5690996d,5,,,2018-01-23 00:00:00,2018-01-26 12:53:09
141362596cb3141ae55af54c4098b3aa,d99158c3b20bff0ca58c2aaf4fa027ba,3,,,2018-04-21 00:00:00,2018-04-24 21:33:04
21d0291391b223ef2b0a9a8a760083a3,7b1e41f3fe006429cbf78032fcb218d7,5,,,2018-05-24 00:00:00,2018-05-25 11:05:03
c330ffe4bae424cd74f18105f1b405f6,c844ef91766997bb8837db54617f605c,3,,"Recebi o produto no prazo porém a nota fiscal foi extraviada, gostaria que a empresa disponibilizasse via email ou mesmo no portal lannister",2018-03-28 00:00:00,2018-04-23 11:47:14
5fb075436983d93a98fd0c51b4487ba7,b643582fcd5b151f498b5383a0195f33,5,,,2017-03-28 00:00:00,2017-03-30 17:40:16
9ae73267b87a6d14ff2777e90f9b7d54,497f1ff2bc62b9932e473fdd62ddde3d,4,,,2018-04-06 00:00:00,2018-04-09 18:22:04
5cbaa4d31624f2ceba5904f7a2420b06,34c419515123f11b048d07c0f8e4cf4c,5,,,2017-05-12 00:00:00,2017-05-15 12:46:55
c693276eb88a9b4b5cbfb6fa502baf0f,225563d7314189cce48116ae11188371,4,,,2017-11-04 00:00:00,2017-11-05 02:21:41
7bf98cb883cc961c3a4dd5c2b9751176,e37462f737a59fcd8f12079e0e927205,4,,,2017-09-12 00:00:00,2017-09-15 10:02:24
622f63b222e8e335492c6ac558f69a53,af0d9307a328df54ca2c27eb08cf62b2,1,,,2018-05-18 00:00:00,2018-05-20 22:31:23
a5f6fbd641b520aaae85214a90394408,b9e191cae053d808e4c2573a0a241dab,4,,,2018-01-11 00:00:00,2018-01-14 22:46:04
0b929352c3e66ed0a6e9cd1ba1b1b346,fcf3478bc90a1b2e214d529d0455dc1e,1,,Pois a tela do encosto da cadeira estava rasgada.,2017-03-03 00:00:00,2017-03-04 00:02:09
a69b6a51e6a71c2189bfdf8eb8416ac0,d7f99a9d27a65a88e4aba096e5ba4a47,1,,Quero meu dinheiro de volta,2017-11-12 00:00:00,2017-11-15 02:30:24
500eccbf8e0595982705ffc3f3e39438,6f91e4738284a9312089fd89f0d61648,1,,Meu produto não foi entregue até hoje e não tenho nehuma resposta! Vou ter que acionar na justiça.,2018-01-24 00:00:00,2018-01-24 03:42:42
ad8d76baebb14ed98555520eeaab8078,e9b3258a406a55c86715a28bf26c98a0,5,,,2018-04-04 00:00:00,2018-04-07 15:08:52
43ba4565cb0bb948e693f9c1af911026,7ff1a09b20dab40c3d68630eb3b56a22,5,,"PRODUTO DE QUALIDADE, ADOREI .",2017-08-10 00:00:00,2017-08-10 23:59:05
ff821e100192466378c74cc6f279a00f,10bedcbb416f0f53e5791b3f61807625,4,,,2017-07-29 00:00:00,2017-08-01 08:48:45
b73e8f69439e629c14a33368e5c917fe,d0c925dd85481e3b99bbc725dc56e1a9,2,,O produto q recebi não foi o mesmo q comprei no site,2017-10-01 00:00:00,2017-10-04 14:16:18
48b290551decf06034ec68f48bcba7b0,8a37cae0305cc1e69d6f5d0629719e9a,1,,,2018-04-19 00:00:00,2018-04-20 10:11:37
cd58b3b52d2707cb115de2c429125c5b,4c074254980764fecff977c97ce88c4d,4,,produto tudo em conforme a descrição,2017-12-21 00:00:00,2017-12-27 11:23:16
1d69c753b733d4183ef1d9382d44ccf7,7b3a63734004e1615b3f06417de1fe09,5,Recomendado,"encomenda chegou no prazo certo e em perfeito estado.
só uma sugestão, quando forem dividir a entrega do produto avisar com antecedência. ",2018-04-24 00:00:00,2018-04-27 20:39:50
54c46383946d634feb30de1af886fe30,dbb786f88b6d4e52fe3cb5d771b979d6,5,,,2018-08-31 00:00:00,2018-09-02 21:47:12
3b3c4285babc5ada121c163460da6ca2,f97b2bdfbaca9c2f04722d8cbc8cc8a5,1,,,2018-08-17 00:00:00,2018-08-20 22:11:42
bb5bf282f381b8815f8e4422a907d7cb,9af92d2e86d9facb76127d7fdb850944,5,,,2018-02-16 00:00:00,2018-02-19 12:03:55
75b9c332bab23e82d5e783a2c0b0ba88,12589ddcbcb65fc7420d1f32a15d2169,3,,,2018-03-09 00:00:00,2018-03-10 22:00:40
99de6e03c693c2e758733e58207e6d28,4649c5e95df94c2a37938bed23879e64,1,,,2018-08-19 00:00:00,2018-08-19 20:54:32
c99ea2de1c46435d1ccb41fc3d098a14,c6f6cbb3c845593222d5c594bb69c5fd,5,,,2018-08-31 00:00:00,2018-08-31 22:06:42
f3a82abc111df3b4109e0edf2f73bc59,ccafddb54a91c4cebc1ab1ba6fa5f68d,1,,O produto veio com defeito pois após montá-lo segundo as especificações do mesmo e foto da internet a rede ficou no chão. Acredito que o tubo das extremidades aonde rede é pendurada está curto.,2018-03-24 00:00:00,2018-03-25 16:24:33
d33ef61ef5b10b53d6dd0a3517c8d4e8,3fa77b110b9ab22eac07c61566e1370f,5,,,2018-06-30 00:00:00,2018-06-30 20:41:35
254d7f4c6c49493b571abdd4840b70b9,01f48b2a27229e667db384b5b9d5dfa4,5,,Fiz o pedido em uma quarta feira e recebi na sexta. Recomendo.,2018-05-19 00:00:00,2018-05-20 18:09:44
6de19a5221bcff8dfa161aacc333ae62,bc382cd676f08eb90614a59793568c19,4,Gostei muito.,"Suspensão muito boa, um pouco dura mas normal todos são recomendo demais pra quem quer dá um abaixada no goleta.",2018-07-04 00:00:00,2018-08-01 21:24:51
d73e6df79c8d870e8ba6f222634c889a,2c55979729e848c9614426ba49826183,5,,,2018-02-10 00:00:00,2018-02-15 16:13:31
acd7452c330c06403b0792be2d201a54,9f7b07e872a431807e81c38d6328502a,5,,,2018-06-19 00:00:00,2018-06-19 18:50:10
319c56fdc7ed4a277ed484de8566b255,9b0b732f53d928874444e095071631a9,5,,,2018-07-03 00:00:00,2018-07-04 10:29:54
6dbc75e7f2934298fd432da1bbca007a,c626db29ab3699e67c95a88bb63aa471,5,,Ótimo o prosto. ,2017-08-24 00:00:00,2017-08-25 00:57:49
13962a155e708cae144caf8ac738b8e3,0c71a69769943ff74326682f85d34be9,5,,,2017-08-18 00:00:00,2017-08-19 17:56:56
e7364ec0df267fc9cafe0c3fff7c9a77,b1cc959223d3beff53d4aeb97b8b6a8a,4,Bom relógio ,"Estiloso e moderno. Gostei, ótimo custo benefício. ",2018-08-17 00:00:00,2018-08-19 02:26:49
3f8e62f5fcd9ed4512764af3c7d1c081,d1ce1812e480013ad383372f2326fbb3,5,,Recomendo esta compra,2017-11-24 00:00:00,2017-11-25 00:35:34
9022732158f504ac0f5c84fd19abdd65,f040040c63fb4164125917af2fa6d4b4,5,,,2018-08-12 00:00:00,2018-08-16 13:41:55
eb70e47d9e677f85dcfcffcce1ec5726,224bd0a94ce4f3eeebe2ef447e596863,4,,Foi mandado conforme o combinado,2017-07-22 00:00:00,2017-07-24 13:42:27
4c89b08c48938a3d275fd9eeba15bc8a,3ef7c7b43ae449415675a6c34720b78e,4,Ótimo produto ,Gostei do que comprei e ficou muito legal na moto,2018-06-27 00:00:00,2018-06-28 22:47:08
1da1cec3ab20baa1b0590701d07d7126,995f4fdaa0eeb0d3c4ac475f47a8c271,4,,,2018-04-19 00:00:00,2018-04-20 00:18:11
1d0663f158a109d9c3bdc2c7cf2c8fe4,42769a5163a34297f4458dbccf206b36,5,,Excelente!,2017-09-07 00:00:00,2017-09-07 17:12:11
5d136408e1861fe17e8a5abb10004870,1b5364692444d3fa21966ab73ae925ab,5,,,2017-05-24 00:00:00,2017-05-26 14:08:54
16edaa6649b6f557c049b7c140d56a17,29d99fdabd0cb6b4e9d82f2f38c04a5a,5,,,2017-01-31 00:00:00,2017-02-02 09:38:11
4c71f7a9b1dd119cacaf2eaa454137ba,aa62ed0f229f8631e59c8b849621124b,5,,Otimo!,2018-02-21 00:00:00,2018-02-24 02:50:15
d84e3c52288b432167a4af84283e08cf,6940e87346db7bae9c22f3b52ea437be,3,,,2018-03-10 00:00:00,2018-03-13 01:44:14
b2cb04f0a67844a562f58c51e9f7c0df,2c4b5d8af3d0c95e934891481c0a87fb,5,,O melhor!!! ,2018-02-21 00:00:00,2018-02-25 19:11:20
c65e8e1c80e57a420dc97dd0cfed18df,22a4e269c7e62e9aab7536d9f1180d09,5,melhor custo beneficio ,"A cortina atende todas as especificações, veio no tamanho certo, cor certa, do jeitinho da descrição. Tão boa que voltei e comprei mais duas. Recomendo.",2018-06-22 00:00:00,2018-06-26 23:15:47
1815fc6b2e4773f6d3437aca1029a054,c9caebb870a1f07175f8c7d130ddc24c,4,,,2018-02-27 00:00:00,2018-02-28 19:43:24
ff1f0d7ca797c3ef931c86803543dfca,827a916734ee2f155b25cd4ff2d8022f,3,,,2017-07-22 00:00:00,2017-07-22 23:39:31
aba27b8ec15201963f49ddcd94f14cff,81d715926d69a15e7220e3e7092f6c4d,4,,,2018-04-21 00:00:00,2018-04-22 01:36:55
c62565578c4b953827b44677e7028f09,94140a08f88b5440f7fc0e4b0fcfc3bb,5,,,2018-07-01 00:00:00,2018-07-01 14:31:24
10b3d922ef777b42df11f4030482f801,c4dd811604d334a79810fd0387740e09,5,,,2018-01-18 00:00:00,2018-01-20 20:46:44
498f570e589813df20afb703c92052e8,aafa42c99c04de8208303c4dcf9a4e4b,4,,,2017-11-21 00:00:00,2017-11-23 22:33:26
97d17e9d9cc8db2ffeb13f0b797b93f2,77123692722eeb90408b713bf016651f,1,,,2018-04-21 00:00:00,2018-04-21 04:13:32
023203bce788a62f019c1414dff5fbfb,c2859f3c830b3fab51d945c1c0ef45fc,5,,,2018-08-29 00:00:00,2018-08-30 00:32:51
911cc91fabae91c1fdb10043b118752f,308163f9666c3f335e92b0f0f61554ed,3,8,"Poderia melhorar o estrato da compra no site, pq as vezes não aparecia a minha compra",2018-08-02 00:00:00,2018-09-01 03:10:20
e3a92108ada463d7f22cd3a71e702704,522b77c3143ab6fcea6d948bdf2029dc,5,,,2018-04-26 00:00:00,2018-04-27 11:08:13
9d14a9b24b8f0761c0675ee5548beb86,de28971a284d4d1aef005e7f16b36a52,5,,,2018-02-06 00:00:00,2018-02-07 00:54:29
5bf9a2f0d227df2e0568503c4c922187,35c66e9b12fe72dbb0b8d34af424c3cf,4,,,2018-08-03 00:00:00,2018-08-04 00:11:03
bee3c76b6017ec9deaeef78bd5dbef21,d2e1e475eb8219af9fae283307d88860,5,,,2018-07-27 00:00:00,2018-07-29 22:27:54
c4dac6d80ef188e5c2f04595331b0ec2,2305ed31728716b03cd76aef3ace0377,3,,Bom,2018-03-28 00:00:00,2018-04-02 18:34:37
a752bded6938927fe475e3be46cfaca6,203a651bc28694f332b40c3e61bf8e04,5,,excelente custo/benefício.,2018-01-11 00:00:00,2018-01-11 22:27:19
54415d54900580729f397d75fd35bc06,4881a6238632d9b0ffa3d48763aa2b7d,5,,"Excelente produto, entrega super rápida",2017-12-04 00:00:00,2017-12-05 10:12:58
dac32fa1bcbef7989558216d69fa7ad0,77df84f9195be22a4e9cb72ca9e8b4c2,1,,,2018-08-18 00:00:00,2018-08-18 22:36:32
454fde65d9047c62b117a52ea5365e5c,05c7aa3928dd1b25667ba59cdc277505,1,Comprei 2 quantidades,"Bom dia, comprei 2 quantidades do produto e me entregaram somente 1. 
Preciso que entreguem a outra por favor",2018-06-26 00:00:00,2018-06-27 10:51:52
3e646699ee9c6ed8a83ebb522db63c52,854f58d1737ef431b98a28f2149a7125,5,,,2017-12-08 00:00:00,2017-12-10 13:39:11
f909474d0ff4ab212f6e910039a48be2,b3a5244e63837c138b11bad69f104bd2,1,,,2017-12-06 00:00:00,2017-12-06 11:01:54
3ba25965c82da2648b34ee859d197c47,ff027db47fd74b1bcf2dd6c24f0b809e,5,,Tudo certo,2017-09-01 00:00:00,2017-09-02 01:07:55
5d69146d89990e8ea5266cb2bdaef1ee,7280e73216120ebb4358a41b3d947e5e,5,,Chegou bem antes do prazo e são lindas!!!,2017-03-23 00:00:00,2017-04-16 23:59:17
b9780ad06faa587b0d17ecf7d786a950,ae15bf1ddb1e3e96132e81c6c7fbf7fe,1,,"Prezados, necessito que o fornecedor entre em contato com o correios pois o produto parou dentro dos correios.",2018-04-15 00:00:00,2018-04-15 23:46:56
3e2aef89dd5f1091a4215a93a529c8ae,4ea3c6eaf3dc15ad857675322bfb6bd0,4,Atenção,"Ao comprar a panela elétric grill as fotos nos levam a crer que a profundidade dela é a mesma que a parte externa da panela, não é, é muito rasa, me levou a acreditar que era funda como outras que vi.",2018-08-30 00:00:00,2018-09-01 14:20:26
e91b2931bc420bfee19c94fc5c23558a,16b6123f7077419424bf89af74e2d054,5,,Obrigado ,2017-07-25 00:00:00,2017-07-26 00:51:03
4155109747c3f3bb080633db97504e47,4b99a000045d86380d5b014642fbc499,5,,,2018-07-14 00:00:00,2018-07-14 20:56:00
719dea04b852d928dbc6cb29c5c6a448,8b4b66868641eb5fc2bc090dc4f702f7,5,,,2018-08-28 00:00:00,2018-08-28 19:42:43
4477cf25a25a60de93b439d6199ae8e4,1be21009011f8032ec2932d23966bbd2,5,,,2018-04-28 00:00:00,2018-04-28 23:56:46
cbdae08a49d4bfed49c9e7fd705d964b,f20750eceab3ceac5ce19312fd1a12e7,5,,belo trabalho recomendo recebi antes do praso,2018-04-24 00:00:00,2018-04-25 16:11:08
c93423e4c3265bdd437331417288d5b9,0583f502e04564cfe79eb0e4f5939729,5,,,2018-03-01 00:00:00,2018-03-05 10:44:38
83abf8c4d7dcb17fde0c84e7655e3d5e,83278a865f8f9c152f76597d22446aa2,1,,,2017-09-08 00:00:00,2017-09-08 12:22:48
ae98b702c5e10d497bf76b7d620bad0a,1d9c50c894c0353c480222a9de8512a4,5,,"adorei o produto, chegou no prazo e super otimo o produto. ",2017-12-29 00:00:00,2018-01-02 10:32:09
eb7dbdbf207f173825dca1c1a16a4e1d,93b82c635931ca55e5d20e0d095507ce,5,,,2017-09-13 00:00:00,2017-09-14 09:30:00
db7f8b83f9a44050e831b933af022e4d,9ea31bc786d569fb961d6aca5b8ac618,5,,,2017-03-23 00:00:00,2017-03-27 11:25:07
ab96766d4bee52213549a6b8520d6557,02ea547b6d2ee25305588fd50df58b46,4,,Não entregaram o produto ,2017-04-20 00:00:00,2017-04-24 15:14:04
3b087fa6d65e827273d2eed23991936a,47e9777346f914fcce7e8d5a411ca60a,5,,,2018-06-10 00:00:00,2018-06-10 22:16:18
663d33aa5c5800c890195f93a695c82a,9d0dea2e11b3af0d11ba66eac116bc6c,3,,gosto muito de comprar nessa loja,2018-04-05 00:00:00,2018-04-06 10:42:09
edd5289966798afbdadd7fe454951002,7aaa96d3d1295c540305278952da9e7b,4,,,2018-02-01 00:00:00,2018-02-04 03:40:46
5b9dbc32676c8325d2fb159636a3b3b1,6e3c8fe2572e4a01c43ef9970e59fef2,2,,,2018-04-26 00:00:00,2018-04-27 21:01:30
6590c887bb00a2349ab028f21187ebe5,1b4130478aee169922ebb0b0a9ef919c,5,,Entrega rápida produto otino,2018-02-07 00:00:00,2018-02-15 01:46:08
db784858339e7ed8981e739b28e3b77c,a312bb85adfdd8a06eff1dbd25f527b7,5,Bom ,,2018-06-16 00:00:00,2018-06-17 02:25:10
65f9ac61aab80570b1c3dd103e46e081,95c5d1b9ef8c0cfe5851a7e8130b66db,4,,,2017-11-01 00:00:00,2017-11-03 18:11:39
c1e955ce419fe225bb25a23e9a781e25,c9abb9f3b4b71b87bfbc5645a02cf8cc,2,,"Recebi parte do pedido. Comprei dois cartões de memoria e só recebi um. Também veio outro pacote do mesmo fornecedor, só que com mercadoria errada. No mesmo dia que recebi a mercadoria entrei em conta",2018-04-24 00:00:00,2018-04-25 16:26:16
b8c12d924d064981051932cfc3d968e9,5077d279a7a371e5e70eae983cb3bccf,5,,,2018-05-05 00:00:00,2018-05-08 20:58:05
c9be3416f4816240c8e7c5c52136cc71,b392178525db3323c13bd67d9dee38ff,5,,foi tudo certo mais o radio nao funciona e muito ruim quero que me devolvam e deixe de credito,2017-11-14 00:00:00,2017-11-17 01:20:09
bb5ce8fb3136a8a55364b43979195593,b5b45b75641df9adb6a1a1609bcb77f9,5,,,2018-08-16 00:00:00,2018-08-19 22:42:03
c40344b298ba17100a1e072d56a3e8c9,2e1b28b55908e9904e59370fa0ecbb8e,5,,,2018-01-09 00:00:00,2018-01-12 10:53:00
f061444920c42b63a1a97141431973e4,b07bd6d2317297a22b80a9836b464d59,5,,,2018-07-05 00:00:00,2018-07-07 11:55:34
ad134dca6a26a91326f970a15e4c9cba,2143393cca994a4b8235bc1d67ded772,5,,Tudo Correu bem e era o que eu queria,2018-03-06 00:00:00,2018-03-07 18:17:53
afe4744bba502609a60203b1719ca627,9435ca9f9a67ac50e1fef5dbd0c29518,5,,,2018-05-03 00:00:00,2018-05-07 14:53:33
786680648d6c007c45286e7ac79154c0,ccfc366f9a65ee1750a938bd18aa489f,5,,,2018-06-04 00:00:00,2018-06-08 03:02:46
6ffc3c425bcd3fe73c0f22650679343e,942bfba61040fe93e3038099eb60fe31,5,Recomendo,"Apesar do frete caríssimo, foi tudo bem!",2018-08-29 00:00:00,2018-09-03 11:47:48
7bdf7c3c1d9c8ea2eae8e5b3086de3f4,d4f0a2e6724782ffec52257b637dc928,4,,,2017-05-09 00:00:00,2017-05-10 13:39:50
f971a75e17d28a34f9ee77b3c588e72d,8f150b9a5714c94537d31215f638db5d,5,,,2018-03-25 00:00:00,2018-03-25 11:32:29
e7f1468bc0cd2c3699ee4431973eceef,05bb540accb9a3fc966280b894023c9c,4,,,2017-07-14 00:00:00,2017-07-15 02:11:55
e1f4635e5e09f15babdb14f77903fec4,4cbf4f8f95033da28ecc48d007d1b49f,5,,,2017-03-10 00:00:00,2017-03-12 00:03:31
cf2b7d64b98c065f04c6454277b50865,947f3467c45aa7dbbf64b2b6fc5dc3c6,5,,,2017-07-07 00:00:00,2017-07-10 12:34:22
ab9cc0ea51e1676fb7bed4d30685546d,8115c56b23b02cb96cdfce13531a5a7d,5,,,2018-06-22 00:00:00,2018-06-26 17:17:23
5f48529be4d74b82ee354ef14a92aa54,b0459878e11dcfafd042b81083011548,1,,"Realizei a compra do produto e o mesmo ainda se encontra em trânsito, o sistema de monitoramento se mercadoria é horrível e as atualizações não são diárias muito menos simultâneas. Péssimo.",2018-03-22 00:00:00,2018-03-22 09:41:17
789297e8410caf139434c34f73a879bc,7139a3b215ea730e2db624cc99820578,2,,,2017-09-12 00:00:00,2017-09-15 14:47:46
e5184da72c5c4cebfb559c4bbe563d46,22021e0f490fa77f0ccb20d9e8b50f22,4,,,2017-08-09 00:00:00,2017-08-10 17:20:00
6d37e018ee25dfab3d7398a13e30bc4a,f52952f4c900a5c0295a392769f7538e,2,,,2018-06-19 00:00:00,2018-06-20 03:02:45
11b75a13c95d3ed7c4849e6e5ff44c01,5bd9862e9eb167d733096279f6b353ed,5,,"Comprar nas lojas lannister e Tudo de bom... 

Entrega rapida , Preco Bom !!! Somente o frete que deveria ser um pouco mais barato .... ",2017-10-10 00:00:00,2017-10-16 17:50:19
fd307f9daf488440302f10d7aeb7d1af,3e6f2b32accad480bf1508660cc2e609,5,,,2018-05-15 00:00:00,2018-05-16 10:30:29
bdc3146d8701cd5e0c5f0aa3f8aaedbe,f237e8ddc05a21386ec9441d40f8e09e,4,,,2017-02-20 00:00:00,2017-02-23 21:09:00
0ff60fbb22cecaea9c928f02e7929905,2187a89df025d844e72cfc51e29dcd6c,1,,Ainda não recebi a mercadoria! mas como preciso do produto estou esperando que o problema se resolva.,2018-04-27 00:00:00,2018-04-28 00:46:28
a1c69e127223853445f18a6e866bdb31,47c65e2da8bf586e8d74fd1f0cfe7a68,5,,,2018-04-24 00:00:00,2018-04-30 12:24:43
ddc54f9583050ce75ce16763d0bda0a7,bde485bef13be8b3bd38071e027e954f,5,,"Entrega antes da data prevista,produto correto, recomendo :)",2017-06-01 00:00:00,2017-06-04 00:06:12
166e54d6d326f34afc945d62572aebda,c6e183c4386da59878bbec724d046491,5,,,2018-06-23 00:00:00,2018-06-26 00:06:43
15b798c916107f3e05f4e4895474c2a1,0f934deb4f74bf5bb7a58232d12040dd,5,,,2017-12-19 00:00:00,2017-12-20 10:22:47
b4b04e6300d4f3ac7acc3818427ed363,62ab60742c7a27d40b3791436f197bd4,3,,,2018-03-29 00:00:00,2018-04-02 12:40:30
5270574b820e27ed76cdb13a6dfc4391,a82dcbafd23833baa1a6f5328cedf5a2,1,,"Paguei pelo Kit completo:shampoo,condicionador e ativador de cachos e recebi apenas o ativador de cachos,isso tá errado
",2018-03-25 00:00:00,2018-03-26 12:19:24
da1e88a4fd76a92a3e9bb41c2e7304cf,d691a7cd6c98cdda10a6861436c2f000,4,No prazo,"Diferente de pedidos anteriores, o presente foi entregue no prazo previsto, não obstante o relógio adquirido - bulova marine star - ser bem menor do que apresentado na internet. Porém, estou satisfeit",2018-08-23 00:00:00,2018-08-23 22:25:12
a9ee519611773e42a0207c8e72d84864,257a853e3afe9bee83a67f4798e6db79,5,5 estrelas,Gostei muito do produto.Atendeu minhas expectativas.Recomendo.,2018-05-17 00:00:00,2018-05-23 23:04:44
265d8493383e98ad8ecdf045ddb141b3,38793c3d7ddaedf4e05f8fe9ce42ccf6,4,Ótimo ,Gostei muito perfeito ,2018-08-14 00:00:00,2018-08-14 20:06:56
eee5558cad3ba1a64417fe329de79160,68442190a6c60659698fde46bcaf0e9e,4,,"Não tenho do que reclamar,recebi no prazo estipulado e o produto foi o que eu havia pedido.",2017-07-27 00:00:00,2017-07-27 12:33:14
0261475e87618a3dd222c0d18c3aa7b9,2189323f24aabddc8f324451eb75419b,4,,,2017-06-23 00:00:00,2017-06-26 08:43:30
0479de9174df7fc84caa1323ad7762ed,55cb20782f4a6b0174ea7afdb736265c,5,,Linda! ,2018-08-04 00:00:00,2018-08-05 23:38:18
7b4018e59a3d45437fa47df9c71be7c2,e5af575637557e5be53b2df8b32a5452,4,,,2017-12-01 00:00:00,2017-12-02 12:45:32
d725439d7fa84f5674ea294898b98d15,f0cd3d160659eabeeb6afba44c0c04f7,5,,,2017-09-09 00:00:00,2017-09-11 13:09:30
4864d0574f90b31c8973b246d7154781,51b0dccc8596ce37a930dff2d63a10a2,3,,,2017-06-08 00:00:00,2017-06-08 13:09:45
df3bde559138dc2ec2d4340e8cfbef26,f72af8df59fdbc3f45aeb2df4e1e9ca1,5,,,2017-08-24 00:00:00,2017-08-25 17:37:20
d54099e608579a077f3e744ddf11b565,d10471750e335e783fff1bc755988a86,5,legal,tudo okay,2018-08-01 00:00:00,2018-08-01 15:11:43
0802c92782cef12076e9d8a2c0a30d6a,7b73889e40574f23f35f71c026fb141c,5,,,2018-04-11 00:00:00,2018-04-12 15:16:54
1989c79faecc9bcc9ae8f1678c08aef8,960dbad4c14e64cd6b327fdccdb2d231,3,,,2017-12-08 00:00:00,2017-12-11 11:02:26
e59d582477716880d74d630e2e0fc6cb,a6c258c89be1621b6e7c2bd85b4c866d,4,Bom,Tudo certo!,2018-05-09 00:00:00,2018-05-10 10:36:39
b4472c0661416ad549eabedf9c2ccd39,365fb819701436011708b1be4a1d4810,5,,,2017-09-29 00:00:00,2017-10-02 00:31:06
73ae1959c17e78299047147e7b537780,9d302458a5c2070516051da353068870,1,Regula,Meu produto chegou pela metade Ainda estou aguardando o restante ,2018-08-29 00:00:00,2018-08-29 20:21:56
8366571c6c402c97a7edfb99159a10eb,a5bc76cff5020a123d1fdbbf26e06774,5,Nota 10,Como sempre recebi o produto conforme esperava.,2018-07-11 00:00:00,2018-07-12 03:06:55
78707a3b34c512b7c5fd440d0d1a0d83,f38a6dc0f541c9dff3f0c72009f2976d,1,Bom,"Nao recebi o produto, recebi um e mail informando que foi roubado o produto.",2018-08-25 00:00:00,2018-08-26 18:52:41
5c1892d9aedf384b939332be89caf32c,833eedb56c32640feb0446e2e042b42a,5,,,2018-05-06 00:00:00,2018-05-06 21:57:36
35e4bd86769cd119c939a97bb87693f4,1bab677b9e102b60c7e4886e44d57a98,5,super recomendo,,2018-07-24 00:00:00,2018-07-24 19:14:07
78a44e78c6e64380daab0748ed6bd132,b7e56bc4544b2d0098a4571a45eea22c,5,,,2018-07-31 00:00:00,2018-08-02 20:59:06
e32e3c6c1279c424af1a40e7bffd24d3,b05922c45fc699ae9049a2c5add3e02a,5,,,2017-02-18 00:00:00,2017-02-21 05:08:20
6f28490842d1cee592ee8c8a0c4e961d,bf5d8018171eeb0788be7f1c871eb981,5,,,2017-08-05 00:00:00,2017-08-11 01:03:26
0df1f72fea4dc90f8a8805466091d54a,509952a95c250007c345b4b929663dc6,4,,,2017-07-13 00:00:00,2017-07-17 12:47:52
a37a4df08414757e210e830244543497,0487007c18089d38f1492091945d7ba8,4,Boa ,,2018-06-09 00:00:00,2018-06-09 21:43:58
2c0b6fe4413e561b8ad0c31d0f87b976,2ed3eaf0bd65da1480c9017f211fa315,5,Super recomendo!,"O livro chegou bem antes do prazo estipulado, veio bem embalado e o conteúdo é excelente. Fiquei muito satisfeita!",2018-06-27 00:00:00,2018-06-28 13:55:14
5702f5b3a3db18818c8ec4a31f9f623e,bbec914f0b66a98578b9d47f241ba92d,4,,,2018-07-11 00:00:00,2018-07-20 22:54:13
dd9a21b314c51175efdfe5ec514775ed,120142f868b25baf05430c42ed963a99,5,muto bom!,"Entrega muto rápida,produto bonito e na embalagem, otima qualidade.",2018-05-05 00:00:00,2018-05-05 19:01:55
1a0efd4bc08f17b39aa7898728bd2ee0,640174dd3b1c33b00c0beab57f415612,4,,,2018-06-09 00:00:00,2018-06-09 20:21:18
23d2e58cbd84a3a34dff5ea929356f90,7eed6f14f2c4d4696bae38c70dd523b2,5,Foto,O produto não foi exatamente conforme foto. Porém mesmo assim será utilizado para outro fim.,2018-05-12 00:00:00,2018-05-14 13:48:32
8aa101f4dab5e21d5e9dc9a0471630d3,52c1dd5de2f994e2979bb421330763ad,1,,eu sempre comprei na lannister e sempre recebi na data certa mais esse ano estou vendo que minha filha vai ficar sem o presente do papai noel vou espera ate quinta dia 21 se nao vou cancelar .,2017-12-20 00:00:00,2017-12-20 19:58:49
b0914b08a6cbb14d39e90e90486a4b5c,2464182f4be303c6741cab9bad3a9f55,2,,"Primeira tentativa de entrega, não havia ninguém em casa, dia 18 e 19 de abril, conforme dizia no rastreamento 2a previsão de entrega, eu estava aguardando e não foi entregue",2018-04-20 00:00:00,2018-04-20 05:21:56
a751e2aee7ae031a71a0016f95a18be2,7d6dd21206d2e43674aa0c6b6e573cf6,4,,,2018-08-08 00:00:00,2018-08-09 00:49:49
08b2cbc291edadfc0d923145ef261a6c,00d85bfe0e28c91b69d0fe1f29255a31,5,,,2018-05-17 00:00:00,2018-05-21 22:35:41
4132da55c34f5a64456b42ceeba47b82,36f03c686bcee7c593f6227fb80b7109,1,,,2017-05-11 00:00:00,2017-05-11 13:28:29
401b91fff89b787ff216552f1663dc51,e1b4ee0e390fbac1dec439d72b45a115,5,,,2017-07-29 00:00:00,2017-08-02 10:49:44
cfda945eb3b15974499c46c936584688,3ec5435a1c3bff282e994441ee5ee69d,5,,,2018-08-22 00:00:00,2018-08-23 16:16:11
00dfad4667869bb78db69d24726bfc52,112e22ce5f700d2155befd89a15b4a5b,5,,,2018-05-12 00:00:00,2018-05-12 23:48:26
4c583767d33e209c22d26eb0f8d90da6,9d32e14ab99f206e6f8f2b6ad13baabf,2,,,2018-04-04 00:00:00,2018-04-05 01:37:38
c9d412c1b8db506c56e62d87d7d7ac75,c28cc812db8e9acb713843bb0470b7cf,5,,Lindo!! Superou minhas expectativas,2017-09-15 00:00:00,2017-09-15 22:41:41
2da8f1c473977ca3c374e7492ce93594,25a41191628ff8e6be3cfb655337cd75,3,"Recomendo a loja, sempre!","A loja eu recomendo, porque já fiz várias compras e nunca tive nenhum problema, nem antes, nem durante e nem depois da compra. Já o produto, ainda não sei... Tenho que usar antes para saber se vale.",2018-08-28 00:00:00,2018-08-29 13:53:56
892b28e924e72a5dbd873baea8042358,4a0d049ee6c82b3348a21bb211c0a44d,1,,,2017-06-30 00:00:00,2017-06-30 10:06:00
4bece9295453220d310dd0e47323324e,771596702a2e0245fb67b093182acb03,5,,Mto lindo! Amei,2017-12-15 00:00:00,2017-12-16 08:42:46
92053a84bf8bd2e9c43892f5ea98439e,49db7943d60b6805c3a41f5474772a09,2,,Meu produto nao chegou quero q envim pq vai vim cobrqdo na minha fatura e eu nao vou paga pq nao resbe o produti na minha casa qro q enviei meu pedido,2017-06-29 00:00:00,2017-06-29 20:17:08
c557f1f8cc26c5d4acc80a7d850c1305,2e22dc2fce65e5b9d73a11d717f41724,4,,"Ótimo produto
",2017-02-10 00:00:00,2017-02-13 11:59:56
2752f82914494ba5d0adf14fec5f6c0c,3dcb917fc27fe1beee3ddbea0fd4e9b0,4,,,2017-06-06 00:00:00,2017-06-07 16:21:14
46ddeb35ab249871ad2c2dbafcb714a7,122804b6e70597eca700595473d8297b,3,,,2017-07-25 00:00:00,2017-07-26 22:17:11
4ec74ec58a32ffa874861a55c3067f9e,6b4a30b5616dfc8267ae9d39b34e3a26,5,,,2017-11-02 00:00:00,2017-11-02 22:44:37
30153632ebb19a673c80aa1b13e94c3d,7139a3b215ea730e2db624cc99820578,4,,,2017-09-13 00:00:00,2017-09-14 14:10:09
1b088428276ffba3991f2be6e13665ed,2def71c3b4ee133da4476d4d0ca8baa0,4,,,2017-11-29 00:00:00,2017-11-30 08:55:23
0444581764dc8d090ada6a048fe83d09,8507049ba787aece6fadc233efdbb0b3,5,,,2018-05-09 00:00:00,2018-05-10 11:00:12
de81946cf0c12fcb49dbc281eab36e9d,5d84669999cbca120d2d557e6995ee80,5,,,2018-08-28 00:00:00,2018-08-28 18:32:03
79b3c5244a5c7ba29df60eb41d18bb8d,58fb05058cf15a3f9eaeb29497841a33,5,,,2017-02-25 00:00:00,2017-03-01 11:07:34
3fd8010a5fc90df5301336dbe8f9934e,7b1900e11427a097af75a1ae0932b993,3,,,2018-01-04 00:00:00,2018-01-08 13:24:48
65dde863a3e6b63fd7c2986ea2cc5101,8634ecf96bfb8450dd73fd6596ec4f3c,3,,,2017-10-05 00:00:00,2017-10-06 19:41:04
6f57996b7ffbdf5b2274c327f09a419a,ada6146d9553232fb9b561d1e5105b11,5,,"funciona muito bem, entrega rapida",2018-01-24 00:00:00,2018-01-26 20:36:25
0b675fa55c2d552f90a5b15c6b57654e,0f38051157b7ad1d4e0b6c5d20de6ae7,1,,Não recebi até o momento o produto: porta lápis caneta lembrete (organizador de mesa tela aço).,2018-08-07 00:00:00,2018-08-13 11:33:46
bdfc7b025c163a3aa5fc4fbb1386e9f2,849c91eae9d79b010c5dbba0d30e42fe,3,,"Fiz o pedido,veio no prazo ,em boas condições,porém a cor pedida foi trocada.De toda forma,era uma segunda opção de cor que gosto ,então tudo bem!",2017-05-13 00:00:00,2017-05-13 14:58:06
98b82041d04be209faccad4c453ce72d,1e077c24035d25ddca3736f56d3e19a8,5,,,2018-03-10 00:00:00,2018-03-11 01:57:39
2d45dea0e80410f0ad1ebd37c6206d40,48d230e6c8bd3de6e2c702e6869fea67,5,,,2017-03-25 00:00:00,2017-03-26 00:04:36
6741fb52112ee3b08a870cd4dd05ad19,0b1ebd05e50ebf9d1fc97b8b1ed874b7,1,,Segunda compra que faço através do app e pago um frete absurdo para o produto não ser entregue em casa. Comecei a fazer compras online pela comodidade de receber em casa e tenho que retirar nos correi,2018-03-16 00:00:00,2018-03-19 02:14:45
87bed0b5fb6856c9328d5e60df70546a,40c5e18f7d112b59b3e5113a59a905b3,5,super recomento,Entrega antes da data marcada. Excelente,2018-06-20 00:00:00,2018-06-20 13:12:42
16e96f3e91656773c0f888ef546987f8,35168c4d0ad93a212d42d3fea68932e2,5,,,2018-04-24 00:00:00,2018-04-25 11:05:19
5c027ac5b7f9dac56e691d385417c05d,9462e7a4367175b2b6f56caf761c6df0,5,,,2017-05-30 00:00:00,2017-05-31 00:18:47
3a84e9c87596aa6c932e061ac74b424f,4d9c8dea9380270c4d8151980f6c579c,5,,,2018-02-02 00:00:00,2018-02-05 05:41:44
c3ccb82070b686ef68950e3ae07cc3f3,f4021afbf70a873e407181a0a76e64e3,5,,"Site super confiável! Produtos iguais ao da foto.
",2018-04-19 00:00:00,2018-04-20 10:52:07
09e7300e3be3f7056c651f9fe0e6444b,41601ce3031e924168afb94d2758f80a,5,,,2018-01-26 00:00:00,2018-01-26 22:56:54
f6f0e429c2692b6f9038a0bb84cc60b4,4a9c9be798acfc1e1539c75f2477b9b3,5,,,2017-12-24 00:00:00,2018-01-08 13:02:08
5417b34c4e8f1c2d4cc711cafd91ac80,8da21fa53a570d0624c7a5d0c14c617a,1,,"Não estou satifeita.
Realizei a compra no dia 07 de junho e até o Momento não recebi o produto.
Quero cancelar a compra",2017-06-30 00:00:00,2017-07-01 20:58:58
050beee33a7836519f175a3d6486f648,4dacdd4bc2de0f5f0aa9e11a735e8e33,1,,Recebi apenas o jogo de tapetes. A micro válvula de aerógrafo não recebi.,2018-04-20 00:00:00,2018-04-23 13:28:27
866372f8627d3359eebb3856c30646c2,e7336e1648bf13ca6664c8568363dbb3,4,,"O som é baixo, mas atende minhas necessidades.",2018-03-06 00:00:00,2018-03-07 02:14:29
f0a7660901df025bae28b66c981bc6dd,d75796c30863b988b36022bb5f1b8e16,1,,,2018-04-08 00:00:00,2018-04-09 18:29:30
5fa68411b092a8dafc238a25bf8a99e0,14763e794086449f6d5cb89097b2afd3,5,,,2017-08-19 00:00:00,2017-08-20 12:01:28
08ec7b9dd930837503a40356706910a2,df7094f1423b702c59aaf0e978752650,4,,produto bom,2017-12-18 00:00:00,2017-12-19 09:53:02
467f2463437524beebdab1afdc06cad6,1f1d433b45ff83d34a8fe8071126c80a,5,,"muito bom, super recomendo. Chegou antes do prazo",2018-01-27 00:00:00,2018-01-29 10:44:54
81881d4cd44ab2ca7ae315d154a8e779,16f391bc8fc37407de41720cd92f6266,5,,,2017-05-04 00:00:00,2017-05-05 10:35:06
45164c0bd23bb13bc24467d1cfa103a5,974fd219891927f0d01b357f4400a622,1,,"Ja reclamei varias vezes do atraso, não tive retorno e ainda não recebi a mercadoria.",2018-04-11 00:00:00,2018-04-11 10:33:13
de3a8e5978234bcd173859e6da276eff,e02dc68ec812b53123f583c142466f0f,4,,,2017-07-14 00:00:00,2017-07-15 16:11:54
f10a1683b9819ef64b69c3a062d01bd7,9dcd4c42eb5a67201aaeb894461bab83,5,,A capa muito bonita gostei da cor e do modelo,2017-11-24 00:00:00,2017-11-24 23:04:14
1d3f6e3bba841a7b847f0b726d4e906d,3811f683228f7e91c35b0fd2a705af27,5,,,2018-08-31 00:00:00,2018-09-01 03:03:29
9e4d87c1146f551cb513f6874c6346fd,01d96f415da1ffc3807bc85852dea189,5,,,2018-04-19 00:00:00,2018-04-21 12:27:46
2d71949dbc59d5a76490cba46a448eb0,7f93c9634dcd85e4d1384f583a74ea58,4,,bom parceiro,2018-01-04 00:00:00,2018-01-06 13:28:42
e818fd73e862d77c71e926019120ff8b,40d9b709b3b6a77fcd309165705f58d7,5,,,2018-08-21 00:00:00,2018-08-24 01:41:17
6ed72f26524fab0643b9fb6be8062d43,d97cacbc87a70c0a938044518f7c31c2,5,,,2017-04-06 00:00:00,2017-04-07 09:17:59
194bed79ea91e0df378b7a5cb85d3f45,5b0060ee75c02410928f7ca9e4632c5d,5,,,2017-07-20 00:00:00,2017-07-28 18:50:20
1a959ea1d3c1e6875548e2e1518614f6,72bd19ef4fa285334b95bda01a3718c7,5,,,2018-05-17 00:00:00,2018-05-21 23:08:11
33501688dac464cf979b4e14c197604f,c5f2970caae1ee84ffc4c7eeca287fbf,5,,,2018-08-22 00:00:00,2018-08-23 18:27:01
651e5ec3ac0198f655512694287fef6d,c157dbddbf8cf9a086acf9ef8eb8cf92,5,,,2017-10-17 00:00:00,2017-10-18 01:27:44
9a8884861c6d83bcab8cb26237a83c12,ccfc366f9a65ee1750a938bd18aa489f,5,,,2018-06-04 00:00:00,2018-06-08 02:59:34
b9eab909ea5dd345f9b498136dd232ea,56ba02ddcb5947d6fe4d7816e623e054,1,,"Recebi o produto avariado, quero fazer devolução, estou entrando em contato e ninguém resolve nada.",2018-02-27 00:00:00,2018-03-01 14:37:24
b42ad905e6961e0e3f1899ffa979438b,6045586df3b03485018e77a6a16bf689,4,,Tudo perfeitamente executado. Apenas acho o valor do frete elevado,2018-04-05 00:00:00,2018-04-05 23:38:40
b9dc694d7b6b79b8e3a4b130984d96eb,0e9a725e04f3fbc13f28d8f17c861013,4,recomendo,entregue no prazo,2018-08-15 00:00:00,2018-08-17 22:01:57
6af1d40059bd03a97b410978b07aedcb,f15a9d9b458aa040e6c47b6bb2311fb4,5,,,2017-05-24 00:00:00,2017-05-25 12:32:49
f0d3c427d1bd66a5385c2e78492d8f14,ca66063282c2aeb92c8cf8bb9b3dbf28,5,,Recomendo o vendedor..,2018-03-21 00:00:00,2018-03-21 19:56:02
5fd19c3d05229eb9a93bc839b2536488,19f4c2e829ebee01e0d2a9ea2168929d,5,,ótimo produto entregue antes do prazo,2017-06-29 00:00:00,2017-07-02 22:14:46
6dd1a5cca0e5cb879b735836ba3141f0,75d4b0b71e66d09b6070bd54c61e20fd,4,,,2017-11-24 00:00:00,2017-11-24 15:50:23
e687507f8106dbd9c2acafb8a22d05e6,c621519092fd9754777ee79a0680a2ac,5,,,2018-06-22 00:00:00,2018-06-25 21:30:05
818cc86c594c62eaf1427838c6e23b0e,586acfc7e057938293e006ece947648c,1,,Estou aguardando a entrega pois até o dia de hj não veio .não posso avaliar se encomendara a loja pois eu rastriei o produto e diz que a entrega é pelo correio e estava em transporte ,2018-04-21 00:00:00,2018-04-21 14:28:05
46bfe95c427f489d5a48e92909495b46,f174b7bb70b31bea3dbfdf7cf9719ce5,5,,,2018-02-02 00:00:00,2018-02-05 05:17:50
0b2542d2935be3a6e264a4bcbbdfc18f,67773c483666d5120da1ff6188d8a00a,5,,,2017-11-11 00:00:00,2017-11-14 11:45:28
90514cec532749be9a0a0f16d21e4ab5,3deb7346dbaa00ea4431f0d97a6ce758,4,,prevaleça sempre á pontualidade... e comprometimento....,2017-06-24 00:00:00,2017-06-27 03:03:06
5210d2fbed17f24ce92e4fbb480c7c36,1d4fef737d9b6c214e13e92ae014018f,3,,demorou muito a entrega estava previsto pro dia 30 chegou dia 24 parece ser antes do prazo porém da data da compra demorou ,2018-08-25 00:00:00,2018-08-25 23:13:17
b0578ab29ddaa708b354d57dda25fb48,e94753fb36e53fd8e0ed80fd513faa16,5,,"Bom,entregou no prazo",2018-08-29 00:00:00,2018-08-30 23:38:03
2ae8875007ae9db5ea76255008e16f74,f5f3d42a187a504d4c574ba759ef3dbd,1,,"Comprei tres aparelhos LG, conforme pedido a NF está com 3 produtos e só recebi 2, no mesmo dia entrei em contato e até o momento não obtive nenhuma resposta.",2017-10-12 00:00:00,2017-10-14 12:53:23
b6b3c8a313d6518ca8e590c30bfbc0a4,5506c622c9692ec1a2145b8b8f712eba,5,,dentro do prazo e a qualidade rotineira,2017-05-24 00:00:00,2017-05-25 23:47:08
a7b4c56b030684cdc740975ea1d715dc,8989ff6e6604e09ac1c199428637422b,5,,,2018-08-18 00:00:00,2018-08-20 18:36:53
4e6eaf480db05609c1ba35cdc413a43a,feebdd36c3e19b95f31008e3e62dc32e,5,,,2018-04-26 00:00:00,2018-05-02 17:00:27
9f9b3681b361132d16cacedf636ecd4c,156d8a00b4b8bb9ef74ca1e450035eb8,5,,"Produto foi entregue bem antes do prazo. Chegou bem condicionado, excelente qualidade de atendimento.",2017-12-10 00:00:00,2017-12-10 12:22:53
eddad830584487a5e0e9b1f59dffd6a2,50dcbb2a2604b38d231b84bde3f62227,4,,"Devo ter equivocado quanto ao tipo de aluminio da mesma. esperava um e chegou outro tipo.
Mas nada a reclamar além disso.",2017-10-18 00:00:00,2017-10-19 11:35:29
d2616049647c237e66bbfa6543e5f9c2,0f30dd4c9af7aabbce81fc381ce2e807,4,,Entrega dentro do prazo.,2017-10-24 00:00:00,2017-10-24 21:27:12
6c2cb2424637c7ed6cb8cfd30b5dc593,e9df4254faf2fe70bfbff4c0abe4fb7c,4,,,2017-02-08 00:00:00,2017-02-09 14:15:20
8c4fcacb73e9a857dce6f1290a111750,5fd9a69139ba87e71880fd5936171fe9,4,,,2017-11-09 00:00:00,2017-11-09 22:00:29
6b867054e53fc8dc071d77895151677d,f9021afbb4a99d23f8e0adc2c702ad95,5,,,2018-04-19 00:00:00,2018-04-22 00:05:12
97b84f8184d84f1d179ae16f4d1803d8,3f24b1ee5184d84b2d4fe634755ab3f9,4,,,2018-02-10 00:00:00,2018-02-11 13:41:42
c27e3c1bd4a082e24d1083d0557308b4,2ad2d3393253922f6f46941e23089bf0,5,Ótimo!! ,"Parabéns, recebi o produto antes da data prevista e tudo certinho. Obrigada!! ",2018-08-28 00:00:00,2018-08-29 00:09:03
9c350d2db247975a48ec051dd00df91c,349021a1c38809e4b11418c2f8586c97,5,,chegou antes do esperado e o produto é lindo,2018-04-13 00:00:00,2018-04-14 01:54:02
b8dc4c76e52df7ae563e55ecfcb553ac,f07ffa8133ca1dcbc015a9c0ee98c872,1,,Pelo número de rastreio o produto foi postado no prazo mas não chegou ao seu destino. Possivelmente houve extravio. Por isso abri ocorrência no fale conosco no site dos correios,2018-03-17 00:00:00,2018-03-17 13:46:41
8744dcd6a9a8ed84bd2ca7bf5a00e1bf,202ecd14054c7ca8c26634abe19ace58,5,Otimo,Otimo,2018-08-10 00:00:00,2018-08-10 22:29:11
618e17f21d8ebd020fae024a8520f3d0,099acf2a98eba9bab889af025be407b7,4,,,2017-09-07 00:00:00,2017-09-08 13:34:53
829ca530e0680e4467603722c2c3e221,3e153abd068ad6638364a06df17cdc5d,5,Recomendo,"Produto chegou antes do prazo previsto, bem embalado, relógio muito bonito.",2018-05-23 00:00:00,2018-05-23 11:18:11
b0c80cedc62cb68ba5dfca8fbb47117e,3fe0e2ede93f661b59fb83477ac2695b,5,,,2018-07-14 00:00:00,2018-07-15 10:25:17
3bf130ccfd82d779991244dd7a92f84d,29069b15adeec52fc98e512ac98acba2,5,,,2017-12-20 00:00:00,2017-12-21 13:47:25
73fa9ec79556b182fb6dfee1bd95bbe7,116f5088fd9393bef556fc932533e3dc,4,,,2018-08-17 00:00:00,2018-08-18 12:10:02
2ee2836ef39eb24013d73caac2666562,bbb1b6d02445bc2786f24be1f048612f,4,,Cancelei esse pedido.Mas recebi o painel de TV.Amei.,2017-06-22 00:00:00,2017-06-24 16:43:54
cc5d3ae7ed0dcc1cb243c4b196d8373c,66f2c4c74ef2402a34e32b0156a627bf,5,,,2018-07-31 00:00:00,2018-07-31 21:19:30
e346daea3db3095a261b9b6b098c2824,03b2144a8822e91cc05da7907f21ea1f,5,,"Preço compatível e entrega rápida!
Valeu a pena.",2017-12-23 00:00:00,2017-12-26 08:00:45
31843114e7578d47252c985710729c43,b4a90f27b4f23868d8fc84e9dceb125b,1,Não recebi o produto ,"Até o momento nem recebi o produto nem mesmo o dinheiro de volta já tentei por várias vezes receber o dinheiro de volta, contudo me deparo com o problemas no site quando tento preencher o formulário.",2018-08-23 00:00:00,2018-08-23 18:20:00
ded59ea229540a28a402ff41c64f35ad,f94e0e7c18de77db38fbde857fa75be1,5,,"Adorei a mercadoria, produto entregue antes do prazo.",2018-02-20 00:00:00,2018-02-21 00:58:51
9ec8b769b130bcce9882e723199f65cd,b93e694316954c82db60cf84faf9c694,4,,,2017-12-27 00:00:00,2017-12-27 17:26:15
2abd0dcc0bf7c0d6a1a2cf56968321a9,4134d857ea0e2009e02f6f90888fa583,5,,,2017-08-04 00:00:00,2017-08-15 15:01:38
8cbe8a529e971207c10746d4b6788297,5b265b1557d0d44a32df50b4fbf98c7b,5,amei o produto,"Chegou antes do prazo! E adorei o celular é maravilhoso, eu recomendo! Já testei produto e estou apaixonada pelo desempenho. Ele é grande mais é confortável na mão.",2018-06-27 00:00:00,2018-06-28 23:55:35
8af8b6f27fd4468c4809b1d782c30a28,69fd81b0cd556f5da5000c1ed874ed19,5,,"Produto chegou em excelente estado e antes do prazo, obrigado pela atenção ",2017-09-29 00:00:00,2017-09-29 23:38:52
c668df370cbfd0aae73f4dd7f3908ccb,3339caccb4f94a45abaf8ed1990cfc36,5,,"Site seguro e fácil de acessar.
Entrega rápida. 
Estou satisfeita.",2018-01-27 00:00:00,2018-01-27 23:05:37
190a8dfe8687df26f7d40c7d82537883,aa45e41799067f67755e2e4e41925aa3,5,,ótimo produto chegou antes do prazo previsto!!!,2017-12-19 00:00:00,2017-12-20 10:13:02
8cc03d9788a672b7362dbc1a9dbd2eb8,d2ce2764e877473355ddb49af8eb3bc5,5,,,2018-08-31 00:00:00,2018-09-03 00:40:02
8079cf1ddd251beaeb653ceea75c7607,7dbbb0cf6abae430040bc4914055c036,5,,,2018-05-24 00:00:00,2018-05-25 11:57:33
200e051c694f14146dd5b4c4ca9ed446,0cf3d6e83dcc1117999a235fd6dae842,5,,,2018-06-12 00:00:00,2018-06-19 16:28:32
715cbda0708e8468754fc0d7c0b21456,5342b9531898bc55c9af92a2c49dbfba,5,,,2018-04-25 00:00:00,2018-04-25 19:38:19
4f9f58e22a27c2268dbe4a3f2b60b5e0,fc0cf3fd5d9e2c6647933462acbb3f6f,5,,produto chegou muito bem embalado e a entrega foi rápida,2017-05-27 00:00:00,2017-05-28 23:17:32
8d714cc8242914c0257ca5bb669fb4f5,6d5c0b87109f123898fe2dde02cebe1f,2,,Bem atendido um pouco demorado para chegar a mercadoria ,2017-12-08 00:00:00,2017-12-08 20:13:07
05947f6a34d4c2575aad7d6511d0e5ec,1852019948d9a47a6c035457a6f71410,5,,"Entrega no prazo, atendimento de acordo com o informado.",2018-04-19 00:00:00,2018-04-23 10:51:23
97414d1c7068513bbafd5e68a0e4145e,7889e9a569a5488a0c9d93381a13d5ba,1,MEU PRODUTO NAO CHEGOU,Gostaria de uma posição porque meu produto nao chegou ,2018-07-11 00:00:00,2018-07-13 11:11:55
affbc059b4151fe9ddc5b0e75f4bb814,73b1defe09cb47bd521306b506af7d3a,3,Produto mediano,"Chegou no prazo e é funcional. Porém, a madeira é um pouco sensível, tinham peças mal encaixadas e buracos para parafusos desalinhados. O tampo estava arranhado.",2018-07-13 00:00:00,2018-07-13 21:31:27
e924eb500fa03441eed3a24a68638390,f29ddf8225b83634a61798046455ce8a,1,,,2017-04-05 00:00:00,2017-04-05 11:30:14
134c07991339f8489737542988c2b0e2,cbb72509db819f7369c9f19d15b8c64c,3,,Bom produto.,2017-07-15 00:00:00,2017-07-16 19:58:53
315390cc849c5cba18b58c9d4e9693bb,95234ae57878debe0afc15b3d5bcbc48,5,,,2017-09-22 00:00:00,2017-09-25 11:51:24
d6c66a8aecfc9ffe99ed57cd89f5ae83,065f2124da64e6bddb1120142f2ad73a,5,,,2018-04-12 00:00:00,2018-04-15 22:36:37
4f42921c05e9df2722d89f4dc312e4a1,0c2cbbfae44e4f2bd7c747a2c2b05bbe,4,recomendo,produto de boa qualidade,2018-07-27 00:00:00,2018-07-29 21:01:55
7f28115b95dfd239048851aaaaf1c8da,d1f60863289ae7cd6e47fd70eae9bec4,5,,,2017-08-25 00:00:00,2017-08-28 11:47:10
ac280dcf36c064b85af3a33e787d3a04,dfaca8a85d5a1ef947b32f44dc3817bd,5,,bom produto ,2017-11-25 00:00:00,2017-11-30 23:23:13
80964cc5a73704d492da1d4cde3c5c46,41b0c346ca595e5a94067d231e4106af,3,,,2018-04-28 00:00:00,2018-04-30 21:14:05
95d48cad4c8f2d392190c63c8a4ee62a,854d6cba56286c80ffabfa9883d35006,1,Produto véi faltando ,Não recebi o produto corretamente!,2018-04-27 00:00:00,2018-04-27 19:52:48
ff104ab320c9765fd13fb5119fe112a7,8f6d779c78b777b6e9c03cd848b87acd,5,,,2017-10-03 00:00:00,2017-10-07 14:43:28
50808b3c7897fa53e69b6b600dad2566,8c8527960c6b98fe66936cff2603d394,1,,,2017-07-16 00:00:00,2017-07-18 14:28:55
94770e3c936d0d831f26a020784b5f5f,07dcf38560b8c50e101b3281edda6112,4,,Ainda nao utilizei motivo pelo qual nao posso emitir minha opiniao quanto a qualidade do produto.,2017-10-07 00:00:00,2017-10-10 01:08:20
b97339b866c538b4b252ac881a7512c9,e3406c9214774d66295ee5aa96724ef6,5,,,2018-08-08 00:00:00,2018-08-08 19:07:42
a6058b64bd185160013127df823d9f49,c5f1d29b8bc4a975508962be343e62a7,4,,,2018-02-15 00:00:00,2018-02-15 20:04:54
117465724c2029999e0458cf1fab52bb,f4660b7c97cbe88dc80816c67548c5ee,3,,"Comprei 2 carnibol, foi entregue apenas 1. Na nota fiscal disse que sao embalados separados e podem chegar separados. Ainda estou esperando.",2017-09-23 00:00:00,2017-09-23 21:51:36
d4168d3ccf913f60aa193315885e6b54,9706023383737a509d67fdd3eaf88e54,1,,Material frágil. Não fiquei satisfeita !!! Achei q fosse melhor. ,2017-10-11 00:00:00,2017-10-12 01:27:29
12da7556f3478c12f0930472ff39bbd8,213b90d88023016a64a20f6f19d2aac7,5,,Como sempre...recebido no prazo. Produto lindo!!! Ultra satisfeita. ,2018-01-29 00:00:00,2018-01-30 04:44:31
44370b68120cfb4e3513e71a387a6328,d9644b981a4d023c5392dd06bfc8cdc0,3,,"Me enviaram um produto, porém não foi o que pedi. Pedi um termômetro Rosa da linha iColor, porém não me entregaram o que pedi.",2017-06-23 00:00:00,2017-06-26 03:12:58
e621b5b5d82d0c19b2d8f8e8913fd639,4534e0f076366321574b9b39f3c3ff52,5,,,2017-05-20 00:00:00,2017-05-23 11:07:01
8119a427d8a4141d672c96025600c1be,8bee87d19d77da4782190d630e85e980,5,,"A entrega foi adequada. Porém a caixa de papelão estava violada, parecendo que tentaram abrir. ",2018-04-04 00:00:00,2018-04-04 18:33:45
19d0e4c99907407763b8ffc084e7a63b,4d52cfe3ad25169d39fe5e6f99d17e2c,5,,"Atendeu minhas expectativas,chegou antes do prazo,tecido lindo e de boa qualidade.Amei.",2018-04-14 00:00:00,2018-04-16 23:10:39
28291fb8557133207507f50645b0eae8,80288d8ccb8b1899f5377f27feebb1f0,5,,,2018-06-21 00:00:00,2018-06-22 00:48:57
9d27eb9323fedf3c4e9d4de91bededf9,99835a9f07d63f83120175303229a57e,5,,,2018-08-15 00:00:00,2018-08-20 19:55:36
d9992aac95247967d0a062b3226a823b,3481d4db89ea2b5d86728e8562da1317,5,,,2018-04-18 00:00:00,2018-04-18 23:52:11
7333bf45bbdffd0907a03c273a900280,7ec6638456231f1eec19f7de8723f269,5,,RECOMENDO ESTE PRODUTO.,2017-12-12 00:00:00,2017-12-13 10:43:05
fef764acee36923c9f3af5a17b129c56,26e7606527e710486939428227c703cb,4,,,2018-03-08 00:00:00,2018-03-13 18:30:21
2fa575c015d8ee4dcabbf9e43c58e495,611422343cc9f16ead16e75de8622dab,3,Bom,Muito bom ,2018-04-28 00:00:00,2018-04-30 20:28:29
73ecb04ae91bc6dd5c196a2215fd7ece,636d7ef8a9aae4fe13b16e9460951c39,5,,,2018-04-24 00:00:00,2018-04-24 22:45:18
c94fe7161f7932281babee672d4b4248,8440ebc9a2a4aaa712d4064c35e52995,1,,O produto chegou diferente do comprado,2017-12-12 00:00:00,2017-12-15 04:56:01
9a64b06c734c7d2c20a946921739f131,a29361cea3ac5ecb55cfc2c64b6c339a,5,,,2018-02-28 00:00:00,2018-03-01 17:52:26
954ac103fc0172f7a1a4d54884599826,d0bec96aad189992b278688279ba1511,5,,,2018-05-22 00:00:00,2018-05-22 16:55:23
f8c3c1497ea921f7b6e94eb2d94b6818,f298d9cc0b7aea1a3bdf95d298c3cfc3,4,,,2017-03-04 00:00:00,2017-03-05 10:38:31
3fe93d034e1b50c787e68eb7fae24ada,2529a7e429d36a4fb9ada1b677a5ed31,5,,,2017-09-13 00:00:00,2017-09-14 00:45:05
262ef1beceb43ad78d2de09c3288923f,54b803c77b3baa82c6541268b252cc0a,5,,,2018-01-27 00:00:00,2018-01-29 14:21:24
5f4b66dd1012fa27ab203890de15ea5e,0ae449254770bfec75a99b8d804e5b10,5,,"Fornecedor responsável,produto bem embalado, entrega rápida. Faz jus a uma boa recomendação!",2017-09-22 00:00:00,2017-09-26 01:42:13
4392f8169581a891c63cf785f42e319c,7ec1c103b7dc4cf5213a0a3956b28a6d,4,,,2017-07-05 00:00:00,2017-07-06 12:44:59
f0701aa5f8673e506d1df37206248194,b6f0a8d06c025c6aed95229f1bb0421f,4,,,2018-06-20 00:00:00,2018-06-20 22:22:03
d1bf26ebf1ee43151a2114d270f60dec,675bf74092a382fe6821f84ecc8b41b1,5,,,2017-11-29 00:00:00,2017-11-29 21:49:05
497c84c7b7512c67feed9ea9df3e9b00,4e2b00bfdaa0253f5d2836299868634a,4,,,2018-03-08 00:00:00,2018-03-13 23:34:19
d3990204fe0f3706d626c3719ed0ffdf,03059ebda0b2ad61612b300fe34ed8e2,5,,,2018-05-31 00:00:00,2018-05-31 22:20:44
7ef67661fc2a1f7a6451dfd6358e3d59,87362ced3e155e82485e17f95f7f79c6,1,,É pura enganação. Não são funko de verdade e recebi o item errado. Ridiculo,2018-04-06 00:00:00,2018-04-06 19:21:20
137f8a98f4b171eb70affc5afcb3c6ae,7254b66719addb416bd46b5f01fbfa67,5,,,2017-06-06 00:00:00,2017-06-07 11:29:30
c945955adbba2ae0ee82dc45b36de117,21e751f0d78afdfe36cb0e8fe45360d8,5,10,Claro é super confiável esta de parabéns,2018-04-24 00:00:00,2018-04-27 00:12:15
fbef1e604fa9af79e98bac7edf746b13,e58f710ed41fb682576f68826c0589b9,3,,,2017-06-17 00:00:00,2017-06-18 01:56:04
28935d2237548e5f2b616498807b6ac7,14b28f4fb9a1df2b37343827f4ee5a33,5,,,2017-12-12 00:00:00,2017-12-12 16:34:08
c5fdfc93818c85901d014c03dbcc058e,835132b61f09eb393ea7fb85c61bd572,1,,Cancelei o produto antes e eles me enviaram bem tempo depois,2018-01-18 00:00:00,2018-01-19 00:45:01
3b3e6a93eda139284f133089bac1def4,4f9b8c1bedc66f4bd34725cfdee6833b,3,,,2017-10-29 00:00:00,2017-10-31 19:28:39
421a89a7601e78058f5511bd94412571,a0fbae87b2c4f96a56e39ea7df0c1fd1,4,,,2017-05-20 00:00:00,2017-05-22 23:15:58
08ccf7dc89ed40412652573199ace73b,9a79820753183f9ae199a37da007e914,5,,,2018-02-08 00:00:00,2018-02-09 00:22:53
6e8de1cbf571acc32350412e11001723,3860987243c481275152ad76e491c663,5,,,2017-12-09 00:00:00,2017-12-09 20:06:29
48cc49a31111fc8abe01751543669470,104a4ed42832085322a2ef0d1649b284,5,,,2018-05-19 00:00:00,2018-05-20 21:38:13
e721732e70c377d8a8281b27086e0aa1,bbec0e8ff27f20abbd5b2fc0ab8a82c6,1,,O mangueira estourou antes mesmo do uso ,2018-08-29 00:00:00,2018-08-30 11:31:55
5afc8377259bbb4aa951f698edce300f,ded320f8039d7a35a324cf22f83fdf67,5,,Pode comprar é garantindo,2018-02-20 00:00:00,2018-02-23 01:27:20
6cdb3effb6a8c99fcf41aeadc3b90e46,b6162f47d6adbaf673e92b13e9358d89,5,,,2018-08-30 00:00:00,2018-08-30 15:42:09
ef2ea2c1b4aa7c3c499197371475a09a,7cf050fc6dd31909cb224bd88eaacff1,4,,,2018-02-20 00:00:00,2018-02-20 14:39:54
fec1580d6ed5ae9e42e5652151a42cb4,1b55d5825b9f0ea76d9f105222eb6910,5,,,2018-02-27 00:00:00,2018-03-03 03:18:44
a5f5e7bc8ca490013aa53f184807dc5b,b5b143bb15757cfbb8c5f447e4586940,5,,,2017-08-30 00:00:00,2017-09-01 16:38:44
fcb4ff0435f3586c6368f68136012ef3,867318eda451a721d23a5e0fbc82fcc9,1,,Recebi somente parte do material. Como soluciono esse problema?,2018-07-21 00:00:00,2018-07-24 02:08:54
4de5a792f54b3dedef52ee850e2ff9c4,95886fbb27fa9240539af22614117003,1,,"Os parceiros da stark não cumprem com seus prazos de entrega, e não prestam quaisquer assistência a seus clientes.",2017-06-25 00:00:00,2017-06-27 16:05:16
b21c41c4ab30019c692153c6c0174117,9900cb70a170fc8270433a79b6cca56e,4,,,2018-05-16 00:00:00,2018-05-20 13:36:45
489409d269312419d76f5b9593223a28,86c6e56273d0ef4bd22ba9fdeac0a439,3,,"O produto é bom, mas a entrega é muito demorada, pensarei mais vezes antes de comprar, existe o mercado livre e com mesmo valor de frete o produto chega em menos de 7 dias",2018-02-03 00:00:00,2018-02-03 17:02:35
b84eb78c29b9fb4f597a4f43de93bbcc,0cfb8d2b2200481e6ce460c76ffa262d,2,,"Não posso opinar, pois ainda não entregaram o produto, sendo que o cartão já chegou, já até utilizei em outras lojas e inclusive já paguei a fatura.",2017-12-21 00:00:00,2017-12-21 20:16:43
d768b134040adcf2008e9a8c02ebe766,416c076dfc39af8d2ac638a07641414a,4,Super recomendo,Produto ótimo.,2018-08-23 00:00:00,2018-08-26 22:11:08
15cb8e7ecccd2e8142d03474b7e4c4d6,cf90a0857f3c111d3fcc73aea40c7d11,3,,"Não gostei do material da cortina blackout, parece plástico, mais tudo bem agora ja foi.
Fora isso está tudo correto entrega no prazo certinho",2018-05-22 00:00:00,2018-05-25 02:47:42
34a5194b900a5fd20a037250df978f16,33b8a7eafa31cf95e33395293a78808c,5,,,2017-09-21 00:00:00,2017-09-23 20:18:34
b4395c4eff8b419808e1a53493139738,3c49ac24936ce58ff09050d9878c2130,5,10,Adorei,2018-08-18 00:00:00,2018-08-27 14:13:41
ff79814df61a4031ac97b19c201d7817,a81ac812819d3c3e98ff62b3a8e4e75d,1,,,2017-12-07 00:00:00,2017-12-13 18:14:25
7ec979fd7edaac87672fca083ceeb9b7,64c233aafb76618a84c4a3af54e79bb9,5,,,2018-05-16 00:00:00,2018-06-30 15:05:00
c67d7ba8d74211e0f139ca015696713a,4f1948db278b553e701c7930ee85cb8a,5,,Rápida entrega!,2018-05-25 00:00:00,2018-05-25 03:45:53
08ed02e3876fb5c93872e4f3bc9bdae8,e528f5fb562c9053119f71d32acb91ba,5,,,2017-11-04 00:00:00,2017-11-07 10:10:43
39e3220236b9d66fb03ab618ed8e3477,410d704bdcbe2893fd5ad73fe8166f43,2,,Ponto negativo foi a venda de produto que não possui em estoque. O que frustra o consumidor. ,2018-01-06 00:00:00,2018-02-21 19:56:38
6ba9dde2443501231d01343cd94a5a38,d5b46fd2be0ba3bf45e214644d17a97e,4,,,2018-03-23 00:00:00,2018-03-27 10:23:48
39af977a0933dd06eaf316244f0d07ca,62d2be1fdefb1437c1d94932ecd95545,3,,,2018-02-19 00:00:00,2018-02-19 17:23:57
210ba2f8a47a0a78f02bc6f73cb58f68,1be5aa7ace982878dd1d68b4ed258127,5,,Ok,2017-02-07 00:00:00,2017-02-10 08:58:40
a763ddf15436558da483121b9701ce35,1424887ded6dd139513a60ca6d4b7d97,2,,,2018-01-03 00:00:00,2018-01-03 18:30:49
80dfc32a4516955c341b16117f5f70ab,c327bf79ca9f0099dd58157ec2b71839,4,,,2018-06-16 00:00:00,2018-06-18 21:47:10
9cf5231529bb3d37ea87e44b5570e2e7,6711d32f6b3652ef28afeb71bcf586f3,5,,,2018-08-18 00:00:00,2018-08-18 19:44:47
6f663880c729aade8b91abd4e88c55e2,adb6dd7e1e17a776182bc02f1385252d,5,,A mercadoria chegou antes do prazo. Recomendo. ,2017-11-08 00:00:00,2017-11-08 17:36:08
9e097108f65eb99b7bdc8ba10186bdae,df54015966b3fa00a42222b5a0e21348,5,,,2017-09-19 00:00:00,2017-09-20 22:34:25
802dd91faa67e4193ae4238e6e095d0e,ca4eb4e29e846ee17d6d1b96b28acabc,1,,Recebi outro produto no lugar....a nota fiscal veio correta com a descrição porém quando abri a embalagem mandaram um prato de bolo de vidro com tampa. Aguardo a lannister resolver o problema. ,2018-03-06 00:00:00,2018-03-06 22:56:16
46ad207c16beec3e01850ef707f8e20b,7fa5b1b5da2ccccc6d0543b07d0c70b9,5,,"Meu produto quase três semanas antes do prazo,amei!
Comprei um fortalecedor de unhas Mavala,ecom ótimo preço. ",2017-11-22 00:00:00,2017-11-22 21:25:14
871de0244d05b81004f74ed651e83164,2aaa173ecc917a0e748a8e8ad584534f,5,,,2018-08-11 00:00:00,2018-08-12 01:26:04
21e73521b7096cdf5f8f10ddb39c2f0b,9c4dfa7a4f01d5042e9363edd0c7c7b9,5,,,2017-03-30 00:00:00,2017-03-31 01:23:10
5e94169c4ef9761daa4be1791b6568af,7f2765cc6719de94716ce2c081b27f02,4,,"O produto correto chegou com uma semana de antecedência.. Só não fiquei plenamente satisfeita pq a pintura, por ser recente e não estar completamente seca e se soltou em alguns lugares.",2017-12-08 00:00:00,2017-12-11 14:36:40
d09b666306141abcaf80d11e282daba8,c57d4208bbf0984e623a7f5dc58b99ef,5,,A qualidade é ótima e chegou bem antes do prazo,2018-04-21 00:00:00,2018-04-23 21:35:46
b795c8243d5018238bf65f350553aec9,e0e95960e8abbd803bbd543d2225c328,5,,,2018-05-09 00:00:00,2018-05-11 18:41:26
014ce97fac07d14f0adf7cc8a12b9b15,458d8f9336efffc85b1efa5dd18aa86f,5,,,2017-12-20 00:00:00,2017-12-21 10:57:44
9772bda6ba0443991e5f21939e8fb95a,b55b34e107238df26137bc117f892827,5,,,2017-12-12 00:00:00,2017-12-12 21:11:57
1396568c5b4a474e5e473d48d534d7e7,aa6f9a7c586c01fe6c9021341dfe1de7,1,,"Produto extraviado na entrega, furtado do carro dos correios, cancelamento solicitado por email e pelo site lannister.com.
Não posso avaliar a loja e nem recomenda-la, devido a este motivo.",2017-03-19 00:00:00,2017-03-20 20:27:42
21be4ccd805829300980dfc9a50e9679,2da3f67af1db377e56dc9a07b969c9aa,3,,"So é muitooooo pequeno
",2017-09-19 00:00:00,2017-09-20 12:35:52
d28f6b1662419ce05021d9777f84bd6b,f3cd6fd2bd9ec528bdd3a45d423636b9,5,,,2017-03-16 00:00:00,2017-03-20 13:51:11
73c0f91f733dcbee59885004a45f19c5,e01fc3338c40dc94ef890089c8deeffc,5,ok ok,ok ok,2018-04-26 00:00:00,2018-05-17 19:38:49
716400b252406103d4122658cd541a41,9f50c2639dfe5494951bc9d4d1a3ff87,3,,,2018-01-09 00:00:00,2018-01-10 14:24:49
180f367c3a3338db4ef29735b23eac5f,e5ec17b950e2ca6379aaee6905115d3a,5,,o vendedor foi muito bom e rápido.,2017-12-27 00:00:00,2017-12-28 10:16:01
5cf6cd19b72bc84f3249e5c1ccf0a4b5,89bbe8cb725ec2806d48d291eda86d93,5,,,2018-04-25 00:00:00,2018-04-27 15:58:35
42900d40ab49569a5acef63d826068b1,973e2efa6a19ac5083691b9deb4c0a51,5,,,2017-05-27 00:00:00,2017-05-28 02:58:09
24c648d1dac6cb07b122eceb9b8eb27b,8b2f6212e3a5681805601bad0a43905c,5,,,2017-03-14 00:00:00,2017-03-15 12:39:54
f53320125cddfe15e4b623e37c18f14a,19d4c970e6cc7d33e2669b256238e307,5,,,2017-11-09 00:00:00,2017-11-14 02:08:10
f2f6f8f47876263a9a77c1428f09c23c,39e9813f11fbc948f71cfaf189976662,5,,,2017-05-12 00:00:00,2017-05-25 11:49:19
52680aa13c63b0aa6a08ab1eebf5b581,4fee0b89c704a8bb6a4431a63025b6da,5,,Produto chegou no prazo ótimo long ,2017-12-07 00:00:00,2017-12-07 21:00:09
e719c18060f4b30c5b8174468c15e9f8,486fed80178943ecdec90413036af979,3,Funcionou corretamente. ,"Produto com funcionamento correto, porem qualidade do material muito baixa. ",2018-06-22 00:00:00,2018-06-23 12:12:06
38e52d378b8ce17963ef0f8fbea7c186,ecacbdf9dd9ba3bb85ace7edb81d157c,5,,"Gostei de tudo... Entregue antes do prazo, produto veio conforme o esperado . Recomendo !!!!",2018-04-03 00:00:00,2018-04-03 18:54:17
526b384fdced50c8e750ba2b3ea0f122,67b464eee8fa44d78ac019e09dcc25ee,5,,,2017-03-24 00:00:00,2017-03-26 02:18:56
bade089c16dddbb1ca1bde11b7957d04,bea9b92d7a14b236b96eb9fc71c28e02,5,Recomendo,"Produto muito bom, em conformidade com minha expectativa.",2018-05-01 00:00:00,2018-05-03 22:03:51
56493cc690ad7da45174fe7f07e3b3b2,b6f41799a58be93e516fb6992e0d4b47,5,,,2017-10-17 00:00:00,2017-10-19 15:44:40
0353c9fcfc181eea55fba95cdfae5cfb,c02f449466eb42e245b4ec9287aeb987,4,,,2017-09-25 00:00:00,2017-09-25 17:34:19
c3de4e89aea8c2592fcaf349196a3769,fa6e00b909d5805dc02b5456fa40778b,5,,,2018-05-30 00:00:00,2018-05-30 23:29:35
692cbf724b58d7294d2172ae5bf13e4c,bbc13e09a09a77b4f6ea6a981a399473,5,"ok, muito profissional",,2018-06-06 00:00:00,2018-06-06 19:59:22
0aa18b1729f5c907b93a54440b5ee668,952dfc4bcc1dce2062c0b0575ec23db7,4,,bom,2017-12-01 00:00:00,2017-12-02 01:02:29
e3c1b775220b33cccaf85f1e5af5aefb,70a4b21bf18001a99d94bf894697b8c1,5,,,2018-08-21 00:00:00,2018-08-24 20:51:12
4ef8a0aa65a9a2625bf739da39a1f67c,0b83b48cff92afd5eb4360860cad0ff1,5,,"Muito bom super recomendo 
",2017-02-24 00:00:00,2017-03-01 21:54:39
05130601a9feed6446bf9beae35df5fa,17e22ae34edbd170fcd2efe9e44f95bd,5,,,2018-05-12 00:00:00,2018-05-13 01:12:37
a0849645a25d7dc93558d3365e018b38,8faff12af96ce78eba0d5b1597d5baa9,5,Muito Bom...Ótimo....,"Gostei muito , entregaram rápido , antes até do combinado muito bom ....",2018-08-17 00:00:00,2018-08-20 14:03:52
44b057280aa56ace78fd10ed9e2e0a94,9d8065ae4c6f5725ee052d02ab00f64e,5,,,2017-04-11 00:00:00,2017-04-12 10:31:57
b3dfc20134aebfb5635fa47fb4045be1,8e6df87600aae0285919b5529f7f0bfd,4,,Gostei do produto. Mas deveria vir com um manual de instruções. ,2017-11-08 00:00:00,2017-11-09 07:49:53
37e1479ebab6e9199ed1c011b4099c62,b9caafcfce2316e8aa42f6cf6327ff02,4,,,2018-01-30 00:00:00,2018-02-04 09:26:30
cdc44e00232042dd60ff2c5600d2bc09,2bd2198690a2c150fe5fdc4e064ba521,3,,,2018-03-21 00:00:00,2018-03-21 05:38:25
4ef1beefd4aabdae125552a34ac8eb47,4b3c7f8318b056586e0407857f44a136,1,,O relógio não veio com manual de instruções.,2017-11-04 00:00:00,2017-11-07 16:19:31
b21cf8bb8c8961c1c4fa6bfb38356472,9b868eea4222da7b3b56036ba3412cdc,5,Produto entregue no prazo,"Estou em viagem. Portanto, fora do lugar do recebimento da mercadoria. Sei que foi entregue e que caixa do produto corresponde ao produto solicitado. Ainda preciso checar a qualidade.",2018-04-29 00:00:00,2018-05-02 01:10:09
8a028595937aeb4dc171bea2436a6f7b,4d73a326dfc780a0a459f4ca37111749,1,,Era a panela de pipoca vermelha não sinza,2017-11-23 00:00:00,2017-11-23 14:54:30
c42dd90d7d74da62b020e3af5801200b,753356c741c466246c76d087610811e9,5,,,2018-03-01 00:00:00,2018-03-03 10:40:00
72e684d56361095064bef2a1d14b7ace,0e0170b61d0a01970751c69f238a4dc2,5,,,2018-08-12 00:00:00,2018-08-17 00:38:30
dd7191a18fe6f0ef5aa2e46eaa032e46,dc8302e63ff9b2dc67dd51edbd8b537d,3,,,2018-07-11 00:00:00,2018-07-13 21:31:29
28cd00f4956ea3486b933f2ce623ced0,08edff712f0cd04883215bdb5b0d7c7f,5,,Entregue antes do prazo...,2016-10-26 00:00:00,2016-10-26 21:17:24
c277f5e1d7d2281ee644b009bdb4be43,0c01f50d13b63f9c7a1f073f51a45548,5,,,2018-01-17 00:00:00,2018-01-19 20:32:57
21c0cdbd11bd690ba122167d3fb0586f,50c148a26a1b15414632c64a2942374a,5,,,2018-03-16 00:00:00,2018-03-17 15:39:35
e2afdbba33decd5388b2c846a60a3089,3600dce59c2a50ed7c67e0d818b1e5bd,5,,,2018-07-14 00:00:00,2018-07-15 20:46:14
59be732bd15c3e9ddd58eadaddafd719,6e43eea0e8d014e2f6256da2a78ff5e7,4,,,2017-09-28 00:00:00,2017-09-28 22:08:37
40a4d4045526e09c6e0aef59bb9d8321,bed92d04d48ce1e3411d7db5c984d57f,4,Bom,"Vou ver se o produto ,for o que prometem",2018-08-29 00:00:00,2018-08-29 14:34:00
68ba1a6d38169d8082eba74b1de39859,a82c960297e876b31d23af8b437f54bb,4,,,2018-07-26 00:00:00,2018-07-26 22:47:08
74a0d0e6e4eba8ea78bd9940c5c8876f,f020059db04fd86b983524f59247d091,5,,"Produto ótimo,entrega no prazo...adoreiiii",2018-04-04 00:00:00,2018-04-05 08:24:06
588e2f17878cfec4de4be6075502fedb,0853e0536bc0b71240beedd97501bd7b,5,Amei!,,2018-07-25 00:00:00,2018-07-26 13:44:40
ceb94020fc0c33cdce9338831d04cec7,0f62234641212cb7b178923f7820d1e1,5,Recomendo,"Bem embalado, entrega super rápida",2018-06-22 00:00:00,2018-06-25 17:29:25
8311416b39a33f3dcadd20c48a290d30,85599745768805ce8a4885e5098d0d9e,3,,,2018-08-08 00:00:00,2018-08-09 15:21:21
a2e494335746c6312798437dec9447f1,ce4dab31cebede7c9e9e105a56277fa3,5,,o produto foi roubado a posse dos correios mais não culpo a loja...,2017-12-29 00:00:00,2018-01-05 11:24:33
5a5f984222d869155f63512d1abeac0a,3d7a0606016fe5d209e5224ffe77f7cc,5,,,2018-02-22 00:00:00,2018-02-23 09:21:31
c5312e197bed58ccb51d461227258136,cd8676507ccbfc96f9e0908910b9e0bb,5,,Otimo produto. Chegou antes do prazo. ,2017-12-14 00:00:00,2017-12-15 19:44:04
999b4c9d6d75ee9137452018aa38745f,75acfc4ebfc9ddb503a29002b31d8d80,1,Produto diferente,Comprei um produto de 180 reais e recebi um completamente de 50 reais. Um absurdo,2018-06-08 00:00:00,2018-06-09 00:27:26
5ab1b365d33e978f4ad9d2e8131df5a1,79736d8897b41dc2f3b2096def7a5f7e,4,,"Muito bom, gostei recomendo.",2018-01-24 00:00:00,2018-01-24 22:26:22
b6303221d9e34122568c546931d90b04,b54fae7a3880a8421f9f38a8aba5e745,5,Ótimo produto,,2018-05-18 00:00:00,2018-05-20 15:44:34
ed044868dbc1f22c2cc502c68faefa63,6593a7ca55b089cc240f79d582e3300a,5,Conforme anúncio.,Muito bom,2018-05-04 00:00:00,2018-05-07 11:46:12
f5734d442f16a5898475b941031abe38,d48af423b2e9d7e208f37ba365eebc1a,5,,,2017-07-20 00:00:00,2017-07-21 11:14:53
b410dbebca945f98d5039d61f1c646f5,bb23ee96defc419b4137ae66d0c0e44e,5,,,2017-09-12 00:00:00,2017-09-13 13:48:10
a6719ebaed9304ef28b4731b5b553e0a,f630b65d93478030e826b3a84804eb44,5,,,2018-04-20 00:00:00,2018-04-23 11:33:27
6fd5759bb26e3a8eb4fd964cf849a4fc,4e9326cf30a794635ef805fca2801aaf,5,,,2018-01-18 00:00:00,2018-01-19 14:17:48
1a13c45a78478ba4063c475bd4703c60,3e92efabf5eaa46e4ab7f20a10864785,5,,,2017-04-22 00:00:00,2017-04-23 00:34:27
68a5ed22207d6916746be69ec96c9f9e,a10b5cf95e016d8abd403c05970234a0,1,,recebemos somente 02 cadeiras,2018-04-25 00:00:00,2018-04-30 18:03:50
877d1a0da869f4c09cb88ca2eddf3066,cdc80ab03580d7d907ecd33ae7818caa,3,,"Anuncio dizia 5 pecas de banho, que entendo e entendi por 5 toalhas de banho e nao apenas duas de banho, duas de rosto e uma de chao ",2017-07-14 00:00:00,2017-07-17 18:29:44
7c182391eeda5cbf3bd76b013ef8c8db,f5b1cfba9fe979f87dcfefc578010e8a,5,,Entrega no prazo ,2017-09-30 00:00:00,2017-10-02 13:13:20
61271b65611cb486c3b29473e9ef717e,f01ca5a374b654889d516741b4a39dcf,5,,,2017-12-06 00:00:00,2017-12-15 02:12:54
e4721a3209efcfed0fba657e4c47df52,dcbca116084725bc77c3e8b6480c4d82,5,,,2017-08-25 00:00:00,2017-08-28 23:54:47
02684930e50680f1b2105cb0ccfae932,9021cf1919f615a121410790dcce848f,1,,Não recebi e espero receber,2018-08-26 00:00:00,2018-08-26 20:23:54
ec5326ba1d88ec45644cdf18c5fd3a37,840a77e5812e6cb838f4957339f5aa2c,5,,,2017-03-17 00:00:00,2017-03-21 15:42:29
28d37de2933056b20dfd0c45e3f25775,2694d5d93827eee9e3b4c2d4287c605d,5,,,2017-04-01 00:00:00,2017-04-04 15:02:07
532aee3e20b99b34a3e991d0561b1142,04ac505fe152a153d8b6013eccb4086b,4,,,2018-04-07 00:00:00,2018-04-09 11:39:00
2d2bbf727a2a6bd8e68799f8f1a6efd5,93f5bba371d2fc9de34cea400e4f05ec,5,,,2017-10-26 00:00:00,2017-10-26 15:17:11
d4f2c5e3ac0c8bcab6b4ca869942c538,4deb2316dadf42f0daa6b8965d384ba8,5,,,2017-02-07 00:00:00,2017-02-10 02:46:35
f1459c1926d964899c1bdd6fc7ac3a2c,1710114c1a278545964b28b49d85a2a4,3,,,2017-12-09 00:00:00,2017-12-11 10:04:54
1c6e7b994175479f2d70176e3fb72113,7598147ec12a15c62a1350443e7ad42f,5,,,2018-07-22 00:00:00,2018-07-24 17:21:56
0d0a5e9de08f12332d98443595099e58,862492c97a277f223e8cb4d665d80c0a,5,,,2017-10-28 00:00:00,2017-11-06 20:20:07
19c0b24090d2c80f10ec9b5953764a5a,c50e269f3f05dc460ee457106f787b7f,5,,,2018-01-04 00:00:00,2018-01-08 09:46:45
d8f0d98858e6288be26dda13114914e9,45da19cff07c4148ba32b1a6bb8d87c1,5,,,2018-05-18 00:00:00,2018-05-20 13:35:32
d03e5a5fdfb97b4a4e19c0a68833c276,a5a315fbb356c78710a6c0c4129525d0,5,,,2017-08-05 00:00:00,2017-08-08 17:41:13
7d2595c9b6c101164324acb4814299ac,15040f094b4f4a45a4d885dd036842af,5,,,2017-09-30 00:00:00,2017-10-01 17:56:35
f5906e4b6d89ffacb647da57b0ad0a3d,4190ab61a7fced69f3ee84d1da1120cc,1,,"Minha compra ainda não chegou, não respeitam o prazo de entrega, não me atendem não me respondem. Total falta de respeito. ",2018-01-14 00:00:00,2018-01-16 13:34:18
759f43ff10419616f4fae0c736016ac0,7312e901d22a5fa199104da9e0996c2d,4,,,2018-08-23 00:00:00,2018-08-26 16:46:19
2a49fd237c04b09a5993dea18976ecfe,34e43b05d79a814bd90a43250ff10094,5,,,2017-12-20 00:00:00,2017-12-22 10:06:11
6f46c51c2e757ce37bf26dca6a2e530d,1e098529b9705a78dba4c6b24ee2ef35,5,,,2017-07-27 00:00:00,2017-07-28 13:04:09
c0403a602d2933bf9b8e82c18a1477a5,15443e6c36bee0191bba44f93f55c1fe,2,,Na hora da compra tava escrito novo e nao remold e na nota veio falando remold nao especificam direito,2017-12-24 00:00:00,2017-12-25 20:58:34
64635dc9031c26c3878643ae62d3a0d7,ea838dd2eadc7dfdb6fff969d14ed4f2,5,,Muito bom.,2017-05-03 00:00:00,2017-05-04 01:38:53
2106a911eb82177bd88c6268cfd28623,c8c0e74f5426e74b812efe05eaab11a6,5,,,2018-06-12 00:00:00,2018-06-12 21:42:17
158421a0baf9e418ca0b5df27fe26c31,ff20ee702706d9e407a34de9fe2ff768,5,,Entrega super rápida ,2018-04-06 00:00:00,2018-04-07 02:54:49
5f0d10e87fd7d85f95ef07076d7eaaf2,2303956d13919bf90f2a4818bab96a71,5,,,2018-08-11 00:00:00,2018-08-13 23:45:45
7851dfc948e1c811a66de0b09f93a684,b1cc3e65937e4d01bff18495b5577f57,4,,,2017-07-26 00:00:00,2017-07-27 00:04:00
49ef7ec2baca2d707ea6f922f2da62ca,5a872b37ac143343156a0dc43f1a19fc,5,,,2017-10-21 00:00:00,2017-10-24 09:56:14
8142fb049508c8a71667983075c909f5,2cace2864447738573effeabd83eaa32,5,,Produto recebido super rápido e agora é só testar na churrasqueira,2017-10-21 00:00:00,2017-10-21 16:03:48
ac481ae44b6dbfbaee2fd90b4200c081,d982abd090f18bcf182f0a41284696c1,5,,,2018-08-23 00:00:00,2018-08-25 16:51:36
1b75cd8dad75054ae99535979ed5ab61,a24c341da692fe0a57ba6140bf33e1a5,5,,,2017-10-27 00:00:00,2017-10-27 18:14:59
0655835e122926db1c6e8829ec53d42d,39a2adce13ad153c1153a05130f65727,4,,,2017-10-24 00:00:00,2017-10-26 14:59:48
8aa0d1bbcc5a1afc083f11afc014dbd2,a57bebffbfa4ce3c72a856f94e1c589f,1,,,2018-01-05 00:00:00,2018-01-05 21:26:30
cffa2b5e4d97dc135eaa0be81b2f240f,2a8d11469aa193477a4c0c3e79f09d18,4,,,2018-04-19 00:00:00,2018-04-22 08:22:51
6a59687afc54cb633dc8c72fecb53d6b,5a67391875062bbd3116a5c00524648c,5,,,2017-11-09 00:00:00,2017-11-10 01:33:53
e2135693430b7ad0a3f369fec02c6678,077a6d2bd20a77531ca2dcf84f5c5d0e,3,,,2018-07-12 00:00:00,2018-07-13 16:07:06
ef28954f6fc830846331b68d34b026da,8c17e98f67708928c1b03bb705c14b3e,5,,,2018-07-05 00:00:00,2018-07-08 15:05:42
29cd99c15bba1d6bd2030216067306f7,1c748687e58d9c5b30aa8ffff5747fe2,5,,,2018-06-26 00:00:00,2018-06-27 20:37:34
a8b3acafef77de433d34215c9e24964c,5d5a92f1288cfea0501ef343c74591a9,1,,"comprei o produto e ate hj não recebir
",2018-03-29 00:00:00,2018-03-29 13:41:12
ab9467b3dbd8135bf2ea697fb28e5036,3860898db238028285b1e05b5ab31238,5,,,2018-07-25 00:00:00,2018-07-26 10:31:56
3a5d875709230394281065ea0063a5e1,2ae6e5a2da4078c84661d1289e22742b,5,,,2017-04-14 00:00:00,2017-04-17 10:14:44
875d7fc122b8ae8c933e09b4251f6d5a,f2a6e4114bb3100fe47a10d807079082,5,,,2018-05-09 00:00:00,2018-05-10 12:23:07
dd12f7c1606838b613e51c2e3055eb07,17b13ec883d7ff8ef2c2882644854aa5,5,,,2017-08-08 00:00:00,2017-08-09 15:09:58
c53a278bf232167670227f0f0e61664d,4b19c2fe3690d7e4aa8cbcf946ea6ce4,5,,,2018-06-03 00:00:00,2018-06-06 20:45:13
c1f6424ccdc7843778dc7ee81113f762,89ddf23f8fe73ace16b54d219a527277,3,,"COMPREI 2 KITS DESSES PEDENTES E RECEBI SOMENTE 01 KIT.
TEM COMO VCS VERIFICAR COM A TRANSPORTADORA PRA MIM?",2018-03-07 00:00:00,2018-03-13 17:05:49
336df7fd62307bd764256f51b21ea33c,3e5a5f26a57dc7918c951081887b0e88,4,,,2018-07-27 00:00:00,2018-07-30 01:15:13
061db13a6575c2a07af047ffd7dfdbbe,31a9fc3107df7fca6d3e9d14f7b2da84,5,Positivo,Bom Dia.Recomendo a todos.Nuuto Bom o produto Veio muito rápido.bMuuto boa qualidade.,2018-07-31 00:00:00,2018-08-01 08:33:56
84bb61dd9b9837f239219c1396747e64,7955751dd5fe4fe14b9e9a89fa14e917,5,,Produto bonito e muito bem acabado.,2018-04-03 00:00:00,2018-04-06 12:39:47
91751ee707acf7159da1d18b47ff3f96,42aba87a5d74e497fc853cde910d4e32,1,,comprei Ac021 Multilaser recebi super macio gota,2017-12-01 00:00:00,2017-12-01 05:16:27
5b6dc1d90aa52a0ef0f8d489ff7ac3b4,a50baa42994364594f0a002918035aeb,5,,,2017-05-21 00:00:00,2017-05-23 19:53:23
7cdff4c94484a91b5a6c0712e62e7203,123b4246f6a16b1f17b9807bb7d42fd5,5,,,2017-05-24 00:00:00,2017-05-25 03:14:55
c8ae2a6e19879aae3d65e61896673c32,5e1452bdf1c8fcf2b69f810cf9374a8e,5,,,2018-04-06 00:00:00,2018-04-09 12:26:53
8ed5c00d7ff8ab025f0f06a86afdb036,85c4170fce54fdeff14d1bdfbc01ccb5,5,,,2018-01-27 00:00:00,2018-01-28 00:09:58
5244377348445f9cde045701831cc07d,2260cb2dc43ff44ab9b095424034c741,5,,,2018-03-22 00:00:00,2018-03-23 11:30:46
87ea09cebb6c74f10b085268dade7100,438f8c9a0abdfdd3401b52e89084c612,5,,,2017-03-03 00:00:00,2017-03-05 23:22:33
509baad58b0bc4a2383b1b01c6e6c554,1ac18d97e1b6b6735f1c5ff4f4757380,5,,,2017-11-23 00:00:00,2017-11-24 14:46:54
dc3dd227c744ec9b728cd440e27222c8,3e209a35ca9fb429434e538d9a015df5,1,,A mesa que recebi não é nem ao menos parecida coma que comprei. Não dá nem pra.considerar o mesmo tipo de produto.,2018-02-20 00:00:00,2018-02-21 02:13:26
50bff1ee915bf24dc46b5cecc839ddfd,415171a59b0a29988351b6d7652d993a,5,,,2017-11-22 00:00:00,2017-11-23 12:56:56
501f20029edb506cb31c6a8f51dcba1f,b887a2e34410f9ca015c231938fc3842,5,otimo,estou muito satisfeita,2018-06-20 00:00:00,2018-06-29 21:57:02
386c3174bdb3d59128944da0ce2498e1,24f2edef847fd6eeeddc6aa5dd82209b,4,,,2017-11-22 00:00:00,2017-11-24 22:53:08
fbc183b0cb84367cce606df31eeb82bf,557a4667291301e8bf807fca57f21d3e,4,,,2017-08-25 00:00:00,2017-09-01 22:23:34
8b4537090758898e2624f2e030c2d0d6,41498083868bfdab3ed24190348d1929,3,,,2017-09-12 00:00:00,2017-09-13 11:20:27
ea1cc0ff71eadacfaa5543f08b70e075,ab377121ab607d829a167d9796781f67,4,,.,2017-06-22 00:00:00,2017-06-23 19:14:15
3d2ca6c281da7799fae670e2a8b23346,24a6cba94937d6908dec93e82249d67e,3,,Só achei a entrega demorada. Realizei a compra dia 12 de dezembro 2017.,2018-01-12 00:00:00,2018-01-14 11:40:04
9b9b49ed2005c043675e99e81e74029c,38ead2ac61ab32ce96209301f9d365f6,5,òtimo fornecedor,"O produto adquirido atende as especificações contida no site, foi entregue com 15 dias de antecedência e recomendo as compras pelo site da lannister.com ",2018-05-22 00:00:00,2018-05-23 11:14:39
fe61173560dca2fe9dbe7d8cac3b253c,be0d2b44b80b01ebe58d57028bc5bcd6,5,,Foi muito bom.,2017-05-04 00:00:00,2017-05-08 22:26:09
cfeedaa7fa830ea511194cbfd3ac0373,cb34150c7912c6a848be6a756d4e97b3,1,,Não recebi o produto e nenhuma satisfação. Aguardo contato.,2018-05-02 00:00:00,2018-05-02 15:17:11
778c1c88259213fca022b83911cfba27,03ee28c413aaef04d718e00ed85eb678,2,,Precisa ter esta avaliação em todos os produtos q se compra pq ainda tenho compras a receber,2017-03-04 00:00:00,2017-03-04 22:35:54
507dafc796c03adfbac4e03ba818fb60,2c6d44f01372a531867c811ec5417ef2,5,,mto bom,2018-04-03 00:00:00,2018-04-05 20:11:17
5d91802388a11ff3a9bfe7ce804be572,6ebb33b8e0afab10328a6580a1c54be9,5,10,Linda ...amei,2018-08-31 00:00:00,2018-09-02 10:01:29
1f1008e7f3efcdb6490c8a6b10aba51f,178b5b0a92e0eb145266afde0c2fb50f,5,,,2018-06-30 00:00:00,2018-07-01 04:38:24
91bfbf0d2bfc60c7c24ecf8d7464e909,4325d8ef762f1699578d3cc516484f2f,3,,,2017-11-23 00:00:00,2017-11-23 15:00:00
8436b8ad32577acac7ea0480eff591da,413d21c694c928b464c2cc8d3904b2b1,5,,,2017-12-15 00:00:00,2017-12-18 10:35:50
9d3752833b3c68b7ea9b8ac0c9da31b7,b002261c1b562472adb57d81cc90995d,5,,Entregou antes do prazo. Perfeito.,2017-11-14 00:00:00,2017-11-17 01:14:31
11ee3620c304b5140705d6b4f1ca6123,60550020e1d493392c427942b5ddb37d,5,,,2018-05-15 00:00:00,2018-05-15 22:42:40
c1414ecde36f2768bbe6abc24ee3cf3d,91ce1f474cc41b0c5317e79388fe50d5,5,,,2018-01-13 00:00:00,2018-01-14 01:10:41
33940e00bd8a3c9df2815eb86bc42bbe,970f01d4d6e42b5dbaaf975d2d45f913,1,,,2018-03-01 00:00:00,2018-03-05 09:47:47
d23fa79127c12ecf662a5c38ef301f98,2ba265d6ef87c9d7e11c3e3b142b3136,5,,,2018-05-01 00:00:00,2018-05-02 02:22:26
877722a3d0a29218a1de22b741e203e6,93c7ec2b9638f73ddcaefac525f4d7b6,1,,Segunda compra que faço na lannister.com e não recebi nada,2018-03-24 00:00:00,2018-03-24 21:55:41
574eb8fce37a82e08574336beddd2d2c,224a57164e7d58e7d551cdc70d6d902d,1,,Não recebi o produto,2018-01-20 00:00:00,2018-01-23 01:38:46
781bcdbbc5db589febe23c35d294ec94,128e2bcc764e1cf5e4952af2267acef2,5,,,2018-08-16 00:00:00,2018-08-18 23:14:29
09d77db6d5893e64a05c26c60ef2c76a,1fbb2db5f09b8f2fe37fb58c85d2e301,5,,"Produto de boa qualidade, recebi dentro do prazo - recomendo.",2017-12-21 00:00:00,2017-12-22 10:01:10
4a54e60ad33d638dd617fd00614399c3,bec49fb7d032cc8a815d4135551a98e5,5,,Nota 10,2017-07-07 00:00:00,2017-07-08 16:29:46
55ee97c1d6ec1a575a83ec108af4b9c6,327c17fe3bf926f72f592503b52e3b5a,4,,,2018-01-27 00:00:00,2018-01-27 21:30:47
b676bc34bb265f29d7d8eb48e7a9cce1,6cd4b1d2491c44f2fb48d9e55687321b,4,,,2017-12-13 00:00:00,2017-12-14 00:24:43
6285fc2fbbc8905c61c70c0262a8b699,49e4c4907bdae7153ea492e2827fe5ab,1,,,2018-08-10 00:00:00,2018-08-10 19:59:20
897801fa573a67de993f9a213b643bab,7f0b2d90543efaf906caac20ff4ed83f,3,,Outras lojas estão dando um suporte de comunicação mais rápido e com a entrega também mais ágil ,2017-12-13 00:00:00,2017-12-13 21:51:41
62a354a23ebfeb88968a9afa0e73f5b8,6b8d21bbe1e219c7b5039f232ca30e46,5,,Muito bom produto atendeu minhas expectativas.,2018-01-17 00:00:00,2018-01-18 02:17:31
eb57da8425a90c081770c5d6db6fc893,3ea85b54f4c54ccc998b38bebf6c2c15,3,,,2018-05-01 00:00:00,2018-05-02 00:28:51
ada6ef82130c2c1dfb59848a07f8072c,728d26031c8d87b8929e8cf76090d110,3,,,2017-12-19 00:00:00,2017-12-19 19:13:46
9e0c9359c6032faf6b63f90c02015fec,637789b606a0ef62ab4c16dbeac12324,4,,,2018-03-08 00:00:00,2018-03-11 02:06:39
bbaed42dd1144dae5e31a6f88cade067,0410df130bab1cdcd13e23044ef9d76a,5,,,2018-03-30 00:00:00,2018-03-31 00:09:03
1b25722251e795cf5ca1b67410fbf22c,4224d3207aa1acffc28e6b36c7c2c8af,5,,,2017-03-22 00:00:00,2017-03-22 23:39:12
4a494b684b9129d004c680cb4d2ca787,f384f4edb05c390598d9010ea97f7f4e,5,,,2018-05-01 00:00:00,2018-05-03 17:59:33
1d2e8d9c30d1a983111e59ed83bf35d9,dbd51aaa65a18413d5c1a97a0bc41bf4,5,,,2018-08-02 00:00:00,2018-08-02 12:00:25
4481c09f10fb51f3bdc67b0296172d05,7c8582fc7ce51a091fe83cb5efa4e84e,5,,,2018-01-18 00:00:00,2018-01-19 00:39:55
ce15c10a0ca0a5d386cf1dd9612a2607,f05c4e37bf7ce04b9cfe8e310d08eaf7,5,,,2017-05-25 00:00:00,2017-05-26 14:20:58
7087b50807b24e138cb4a0e6cbdc72ae,8f332ee6ffc2a01f7e78ae983f257379,4,,Vocês apresentam muita dificuldade para falar com atendente. ,2017-10-26 00:00:00,2017-10-29 00:07:51
0a50a59eeddece715abd18cf39ccc731,defa53bfb8de9da3857ed69277b54d10,1,,,2018-02-23 00:00:00,2018-02-25 20:14:27
bd1299da9407123758f77c2c1bdb7062,cadb75b4ce8646d41b77eff5faa5d300,5,nota mil...,Muito bom....,2018-06-05 00:00:00,2018-06-09 12:35:04
214deaabf69eb3d26c7bae540e03d1b2,2ea830e178fb91c939722e9cb085383b,2,,Demora demasiada na entrega,2018-03-14 00:00:00,2018-03-14 23:22:42
7e20471d71eb0ab0d795d8b15ec5f0cf,1e73093ee708ed2b782f359056925208,4,,,2017-08-19 00:00:00,2017-08-21 12:53:12
fdc8d63659d96771391e58cdf05346f8,e309561688d0e53d29a039914f51190a,3,,Quando é comprado por site de terceiro e muito demorado a entrega!,2017-11-07 00:00:00,2017-11-07 20:02:24
8c3be0bacaeab2821e6223249724ff77,ca674a7cd949c98c9e02bc4c5922836d,4,,,2017-03-04 00:00:00,2017-03-06 02:51:23
f8bee8d1a0119d99c07d9d8e0bcb4563,2c6d7710827b473b87550d228500098d,4,,,2017-05-26 00:00:00,2017-05-27 18:13:36
168ef84edb846901b39beed6ba632321,f62c1d95a213688bbeebb149afd3ad14,5,,,2018-04-26 00:00:00,2018-04-27 01:16:17
a3f5beb363b4b7a73be5a2c7b45c1be4,cec61a2f94f55b2b392379dfc9a402ee,4,,,2018-02-04 00:00:00,2018-02-04 21:50:17
38c52bf69505839850e14836782c9c7e,08c3c0d49b3cb66764234e0fa980e850,5,,,2017-12-21 00:00:00,2017-12-26 11:51:16
8717a0492bd1b0e67696feec35ab01c3,502b66ddeae1875100eae9074f5d189a,4,,,2017-11-23 00:00:00,2017-11-29 13:01:34
292162bccef5980f9821b70d1b9c15af,fa26763c58fa3379d19525e7381fbdff,5,,Atendeu às expectativas!!!,2018-01-16 00:00:00,2018-01-17 11:15:47
6d36bc81d8f93a29cbc9b04933338fa7,f2793cd4b64bd3a177d4a367a3cf40bd,5,,,2017-07-13 00:00:00,2017-07-14 19:10:15
112520ff7bc1d82f2c46b1e3599cc8ec,25f9ba70a00ea2a3907973a340834885,5,,,2018-01-12 00:00:00,2018-01-14 23:55:43
cfc77412b6b627a1201854cad5aefacd,6620ebb2d24058461a5605a2aa2c6375,4,,,2018-03-27 00:00:00,2018-03-27 17:28:42
d9890890fab3e492e6753234881ec244,7fd7278c76aae9bebdb986cfcd977150,5,,,2018-05-26 00:00:00,2018-05-27 06:25:47
3cd67e13e3b80b9ef8a966427e41d9f0,701ba4e30193470253a5e099210a2054,1,,"parte do produto foi entregue, falta um relogio, embora nesse email conste que foram entregues os tres que fazem parte do pedido.A nota fiscal tb consta apenas dois relogios",2017-11-08 00:00:00,2017-11-08 19:47:32
016215bc13a51481400151571fc41964,8c96e8114dc36ac1a6e1524a8ad514de,1,,,2017-12-22 00:00:00,2017-12-22 15:27:24
453a6df7a7408ae1fb456614d0654af1,bd311764a2c2a541c99f90f076923b34,5,Boa,Boa ,2018-05-25 00:00:00,2018-05-25 23:52:32
f51ae8a59a7887ff184afa23298177ab,305521e597cd32f946da81d3649d31b9,5,,,2018-04-17 00:00:00,2018-04-18 16:35:08
934ebce9c735e652d16eca979fa8aa53,e77e25ad4185ce8fba142eafcd1442da,1,,,2018-01-13 00:00:00,2018-01-13 08:55:07
6b33effc78d078720eb68ee76a393272,15a87de4d6c4996cbee619479ddfe71e,1,,"Tentei fazer o cancelamento do produto e até o momento a solicitação está em andamento e o produto ja foi entregue, agora preciso troca-lo e o serviço não está habilitado. Péssimo atendimento.",2018-03-21 00:00:00,2018-03-23 13:58:18
7da4818958192f927eed5abd82289b14,aaf7224fd4c85294460d9c42a803a7a5,4,,EVITAR COMPRAR NO FINAL DO ANO; DEMOROU A CHEGAR.,2018-01-09 00:00:00,2018-01-10 11:46:55
535b5d68bb93ef233eeb4797f2e95b7e,2191c4b8b5384ed556dfd154ce6e319c,3,,,2018-03-13 00:00:00,2018-03-13 15:36:25
3e67da389a6080dbdd084751c2fff2b7,aac103aa82ea3fbc312b34cbc349859f,5,,,2018-04-19 00:00:00,2018-04-20 00:34:19
2b0d0e05cdf94cfa1f996ff3958c43a5,efed8668846db8134d128f21368fd2ca,5,,Produto chegou antes do prazo previsto ,2018-04-25 00:00:00,2018-04-25 09:37:53
cc8a2367c76621d263cef250f55f25fa,d643210fc3ba60faf761d5a9c9e3f8b8,5,,,2018-02-02 00:00:00,2018-02-02 23:47:44
2918056208ccbb2a19ed3946dc70f276,3da8b1bbe6650411cf568285bb956f90,5,,,2018-04-26 00:00:00,2018-04-30 13:29:32
76319fb95b620dc110494db8a2a9db94,ea5b8ab951ac72f344bebd303152f748,4,,,2017-12-19 00:00:00,2017-12-19 23:40:57
46af2d60992e3926097f521cb3e90770,ab588e77cdbcc3d63e479ba2862256a5,5,,,2017-10-11 00:00:00,2017-10-13 21:05:33
22bd11f09f67e902a5cb7690693efb2a,732016d12d4c4281c465b63da4e2ca8b,5,,,2018-08-25 00:00:00,2018-08-25 11:01:56
1ea738bff473bb123b8dd0f14a85ffa5,36750bfd3e70a5f8f95edf2e28f1d60e,5,,,2018-07-03 00:00:00,2018-07-03 21:33:24
e665477d24a087f1a31cdcba99921432,81447152169fce271e12a471d7a38269,5,,,2017-07-04 00:00:00,2017-07-04 20:12:26
0b99422279f6ed9fe8cee3ea868d97ce,cc4687e4e102c1c8c606a5a0a8e475db,5,,,2017-11-17 00:00:00,2017-11-21 22:18:37
5838f546d8d940f8ec5ea405aa73571a,73d7d0526bf2242f422fb6c85751dce4,5,,,2018-02-27 00:00:00,2018-02-28 11:07:08
524b32c45c6e03c198984e38522f559f,f2dd5f15184c73c0d45c02941c7c23d1,3,,,2017-01-14 00:00:00,2017-01-15 12:48:49
923002c21d4ec6b6a2c1d67faea0c16e,106d8484bb6bb4ff239daff27fc4feb6,2,,,2017-06-23 00:00:00,2017-06-24 02:42:20
8d198daa84748e2c6fe6495e70c758b2,3ffa9e029879039a01783bc81c868df1,5,,,2018-05-04 00:00:00,2018-05-08 10:01:51
ded1154a9960d6523b5efd4ac54621ed,b2355e2ae81244cdf571c90d5eb890a1,5,,,2017-12-06 00:00:00,2017-12-09 00:24:17
5249a5d287aed46803812c9245a29ad0,14fbf76a52909427d03caa0680a5d763,5,,"Produto chegou antes, inclusive, do prazo estipulado. Funciona perfeitamente bem. Recomendo!",2018-01-28 00:00:00,2018-01-29 14:59:17
29217028e6d94d9ed1c8a0189dc417f8,0c1fd2870ed16e1af74abd3df9833cfc,5,,,2018-03-17 00:00:00,2018-03-18 12:08:14
e57583df6b569e14aa1b0da99317bcbe,e1df06d2e0fcfed2ec12f002d54da4f0,5,,Adorei o tapete. Felpudo com bom acabamento,2018-06-30 00:00:00,2018-07-07 10:04:39
54aea66ceb83b9fcd52dadc4bea32095,5d67cca99e80d5f9cc0cda0ce73ca3a3,5,,,2018-01-24 00:00:00,2018-01-24 17:50:03
b6d14f9565eb374840a611b7a7fcac1f,8780697430377d453d0cf3f29848a515,5,Muito bom,Melhor loja......,2018-08-08 00:00:00,2018-08-10 21:08:35
a6808f110a30d4d11e32e099aae1ade5,d7646ffe8fdd9e7d9557f9f7cbf04530,5,,,2018-05-09 00:00:00,2018-05-10 12:15:42
39fd531151e50b3921788e6f4f5998a2,ebaa42a79f2add158467770ca61a11e0,4,muito bom,,2018-06-23 00:00:00,2018-06-25 21:44:51
77b80d0a1700fce1f1fe26cd93231219,50be9eb370672ac7e49a1c1741cef069,2,,,2017-11-01 00:00:00,2017-11-02 14:35:15
c4f32ad72e38c4c4cdf666745e460777,43ac8d91a0749b176f9c311545881aa7,1,,"nao recebi o produto , quero reebolso",2018-01-20 00:00:00,2018-01-22 12:00:05
6e1367fccc34b619cdcafcf931eac50e,b4b86df50ff2b7209ced1549d9ea4b2e,3,,,2017-03-21 00:00:00,2017-03-21 17:36:32
7de629ef6fc149017444cc5bbfcc990c,65377f2460bd19606a6279134627ca05,5,,,2017-05-04 00:00:00,2017-05-07 14:54:31
3802d7ed8fddec351e58b31c8a92c514,3c3578cbe37cf7af07897091fa676eb4,1,,Não gostei. Quero trocar,2017-10-25 00:00:00,2017-10-27 14:44:09
d7985ea1f8446e2a96175defbfbca598,335a2e98058fdc2ff97c02856d53a76e,5,,,2018-01-17 00:00:00,2018-01-19 22:32:01
cf59f2a46af122917bf5fad2dd9d2855,eb1d71600650b42be71f555e11a2a470,5,,"Recebi o produto antes do previsto, td em ordem Recomendo. ",2018-02-16 00:00:00,2018-02-17 00:24:23
5021b186fdcd1ca43209b2853967f49f,5445faac2614aebf5d7b9435b1d71185,3,,Bom produto ,2017-08-25 00:00:00,2017-08-25 21:43:11
be037ee777d5bea6b2843192a04f1ff4,bcbead00f0c2dfabaf82fa4af5611f71,5,,Muito bom ,2017-12-21 00:00:00,2018-01-11 04:09:55
4916434d19ca97cd47858226f2d671c9,d599833347cf704c11f7abd88b0f5194,5,,,2018-08-04 00:00:00,2018-08-04 22:11:23
2e00549c85c2f511fd0214707cd5df4e,11c9715759819d9b4a3b7708111b3a74,5,,,2018-07-31 00:00:00,2018-08-03 17:02:26
d222bace7302d3ac2f39882d79a242c6,61e21e4b85fafad4710e3431429af0eb,1,,,2017-12-22 00:00:00,2018-01-03 11:52:54
2bf940cda4f861b8db6671de3beac74f,94c9f01794e2a40527d76e249ef9decd,4,,,2018-04-03 00:00:00,2018-04-04 00:10:49
e7a406403b6f52fbb1071b000b82194c,cccb62677b6ed93ec68f4428a0ad81ee,5,Adorei,Entrega super rápida e minha filha adorou. ,2018-07-03 00:00:00,2018-07-07 16:46:33
11679e4a019f84b3fd07af3197ddcacc,f28d2797b047549663f2e82b4afbdc1e,4,,,2017-04-13 00:00:00,2017-04-14 13:58:48
3485c887ab8a5fd6b1c10bec15622741,0068fb0e223115e911d362627e8b8800,5,,,2018-07-26 00:00:00,2018-07-27 00:32:52
518607164e7875608b274998dafae3c7,9f9337d4e1debd68a43a89ee594a732c,4,,,2018-08-30 00:00:00,2018-09-01 20:01:22
f9a2b18d4798b4735d9c23ab95e872fb,e70079a333e4ddca8787daf05873a6dc,3,,,2017-08-16 00:00:00,2017-08-21 11:36:27
c3d82deac66e3442c4128b157c5a60dd,f2fd4e0fc194bc29e11d7d3f83151996,5,,,2018-01-05 00:00:00,2018-01-09 10:37:48
c6f32fb9ced28878331e14bc9e9f315a,2e4e2813ad5d8dd8582c22307207f800,5,,,2018-02-02 00:00:00,2018-02-02 18:05:08
0dd8bf210400b7958f025efb7813491a,3c8fd86bafb15fa121edab25b6f8c096,4,,,2017-06-03 00:00:00,2017-06-03 15:06:34
e6bd0394573ce82f81262e3d70a6d674,346b96107cfff3b894f76c7e9224bb1e,3,,,2018-02-08 00:00:00,2018-02-12 11:51:06
0816ed9e2dfbf75dbede67066bd91bee,db5e341b9a765a33fd41da0b3f0944dc,5,,ótimo produto,2018-02-23 00:00:00,2018-02-26 11:11:11
5cb1357a4afe571b0ad97cde218dc08f,aba3d283b846a03d398d549db17b649a,1,,o produto não tem efeito como descrito .. vem num recipiente de acrilico então não da pra saber se é original.. não gostei,2018-04-11 00:00:00,2018-04-12 11:55:27
08a036e64b1b35a79f0f64dc248609f4,a5a1cabede9ba7b85cc04f0c65bddb88,4,Vale a pena,"O produto tem boa qualidade e tem tamanho suficiente para um celular 6"".
Recomendo.",2018-08-08 00:00:00,2018-08-10 23:41:48
2d07ca546daa0fbc0ab3ad659865cee3,b8b6fc684620d7c82ae7a4435e8d6a90,1,,,2018-04-11 00:00:00,2018-04-12 16:31:00
6bbd5a6c767365f262ea6e5b86fd87ac,d6b11927bdeea5f5786a486aa301d183,1,,O produto estava previsto para ser entregue até dia 27/03 e até hoje dia 03/04 não recebi.,2018-03-31 00:00:00,2018-04-02 16:28:56
27238615884a10b8aa47baefb4ba0aa8,457ad46174cf848b645e2ebe12038917,5,,,2017-04-20 00:00:00,2017-04-24 01:47:40
b32ae12130a3d03773c563022677512f,6ad7cdd50237385fec54699a2834eda3,5,,,2018-04-02 00:00:00,2018-04-02 22:33:24
c790f6f9582017e0b661a6a5eced0138,aecd12eef9fabbbde3ee307934546868,5,,,2018-05-23 00:00:00,2018-05-26 01:14:17
67f16f021652050698b734c23d148b5d,42df71f66e653cbe9e87913834e59873,4,acusação de recebimento ,acuso positivamente o recebimento do produto.,2018-07-06 00:00:00,2018-07-08 16:56:37
f369a26b209e85c2a8b4586570082f2e,fe7b642fb30e2a103d1dc36f861b44cd,5,,,2017-07-27 00:00:00,2017-07-28 01:00:19
6cc7ced4dcd37fd53e8e331cbde84ae1,a4ff93cafe11fd211ea627c3cd253480,5,,"otimo atendimento, otima mercadoria",2018-01-10 00:00:00,2018-01-10 19:56:08
f04a9bbee51c4fd2688935477fda55b5,fa2f3e66fa5ba473c46b0329d4e5773f,2,,,2017-10-08 00:00:00,2017-10-08 18:26:45
3ec54b1252a7d68013f795a4eba7372c,2eeb0fca026f13a4065dc4d23542095d,5,,,2018-07-31 00:00:00,2018-08-01 01:52:18
84070681d940b0ecac956efbbde3abc7,8fdc42676c9c6c74c4f8f062b53ebafa,1,,,2017-12-31 00:00:00,2018-01-02 11:41:47
117d4f0a2b811b6608554f76bf6c87ce,3e851df052741b8294183d372f0bf1a2,2,,A loja entregou a quantidade errada do produto.,2018-01-24 00:00:00,2018-01-25 08:17:12
f329eaf78c66edbe79a4fc5bbf7c9606,a103ca0d5926c0afb6a2892545f93a7c,1,,,2018-06-03 00:00:00,2018-06-03 20:45:16
938552a3f2e3e54d4d81d19c24164a46,aee0d5464f3b889a06716a820b1a60e3,4,,,2018-08-19 00:00:00,2018-08-20 10:01:58
0a9b63b9bc43a00f42e53c60db3e2cc2,486189e06030d36779e10e55b6220d87,5,,,2017-10-21 00:00:00,2017-10-22 02:06:45
e554ae552fcc1ffd61fca20c46022cdf,1bec7861a092429c4f37133660e501fb,5,,,2018-06-08 00:00:00,2018-06-08 20:16:30
906308f3c087315d3f97fe7cc45ff797,c7037ea6603ae90fc227e950bfc047ef,5,,,2017-04-28 00:00:00,2017-05-01 08:34:57
ce37bb0a513cb768f923c73e2683e9ac,8b9cc01337bcc7c9bf25da79353efb6a,5,,,2018-05-11 00:00:00,2018-05-14 11:27:09
21c2ddb560e743832bbe18c761abc70f,08d862895d238cb8405dffe9b981df25,5,,,2018-06-15 00:00:00,2018-06-15 23:45:16
e18654f2a61194d666ccd58c4b1090ba,07684a430f124ffa76c3415f04fb2ed5,4,,"Entrega rápida e a qualidade do produto é um pouco abaixo do esperado, porém pelo valor, está satisfatório.",2017-08-05 00:00:00,2017-08-09 00:14:37
7208f1f7141e12e4235a1346f8262792,d7d3b787cc498b66c8bdbade64d9fa98,5,,,2018-03-08 00:00:00,2018-03-09 02:35:23
d5d57bb0fe1a1892ba0ddca8e5bd8164,030106c028266ae3345eb9bf6dd790c1,5,,,2018-01-05 00:00:00,2018-01-08 14:53:59
964b54e2b7615546e3986b4519e8f4dc,fd8ae066cb36d75d6a3679bb30370c39,5,"Recomendo, aprovado ",Muito bom adorei o produto super recomendo. Chegou bem rápido. ,2018-08-17 00:00:00,2018-08-17 20:03:01
3e5e0d5f4d756fa724b6375d3a2fa84a,8e0e3b77770b10f595b5c27e62efd4e4,5,,,2018-06-13 00:00:00,2018-06-15 03:53:08
b94e185a4e18f4503af542a0439ca30e,1eeb6d55147169da97608b38ece2b761,4,,,2017-08-10 00:00:00,2017-08-14 16:26:24
737bae6e2a5055ce424bb592cea0fc7c,319ccdc182a8c5d60b228310a6432460,5,,so achei que a entrega seria rápida como a entrega do stark mas chegou no prazo previsto pela loja não tenho com que reclamar chegou tudo perfeito obrigada,2017-02-02 00:00:00,2017-02-05 18:19:22
d253551e430be89d2bd92453a3eabca8,2ee25e0dd8185c614dcad9949f0ad0f4,5,,,2017-08-15 00:00:00,2017-08-15 23:26:21
b793ae80f52d05229b44a3fdb1f212e2,9a21763c2fabd9e832206b8020910d1e,4,,,2017-08-31 00:00:00,2017-09-03 00:25:41
0cfbbe0a68bd3c789f5711898dfbdd46,4027aaf151a408af313fee7a5af64c5a,5,,,2018-01-10 00:00:00,2018-01-10 18:42:02
51ede476d855cb92d6b66a21941896e7,57829c554e00894996ac7cdc85692e8f,5,Eu recomendo ,"Recebi minha mercadoria antes do prazo...
em perfeito estado aparente. Ainda não testei...
mas acho que funcionará. Embalagem sem muita 
proteção contra prováveis impactos. Estou feliz
com a compr",2018-04-25 00:00:00,2018-04-26 23:34:51
3f4154996e7dce0a92183fd0393edfa7,88d8024d811be666f66e7199e27a830b,3,,,2018-08-19 00:00:00,2018-08-22 10:33:49
eba1009db042c555891b8f947e03137a,7282f35aaea3e151109787d09a275ec9,5,,Compra entregue dentro do prazo. otimo produto.,2017-12-20 00:00:00,2017-12-29 18:11:25
a052929917151e6e24f878b8760201f9,fbe14dbea1cdcc16f5709ee80b0fab7a,5,,,2017-03-24 00:00:00,2017-03-24 23:33:31
14bfbbf927409f1a6fa8e4ed92d05733,6bfb5b857e326522e7ad3d163ebeca12,3,,,2018-08-24 00:00:00,2018-08-27 19:31:40
7000c326aa8b27f36db72af0ef288eef,bc34d5b185152cb88b9f5db391dcd1cb,4,,Tudo certo!!,2017-04-11 00:00:00,2017-04-12 12:18:55
23a24f92419d2ab6de801dd7f646b1ba,b41cd75853511ce5fa49b43cca5449f5,5,,"Produto conforme anúncio.
Entrega muito rápida ",2018-04-18 00:00:00,2018-04-19 02:01:58
e83a305c1c81d79366bb35844c94fdb9,01490a4bdacbafe6de009b317a0c8bf6,5,Excelente parceiro,Parceiro muito rápido e eficiente. Recomendo.,2018-06-22 00:00:00,2018-06-23 09:43:01
535079d79df90157f98078c8e03aeea0,0a90490b9aa5527b4f3497a6f3c725ee,5,,,2018-05-24 00:00:00,2018-05-24 18:01:45
0e723a750c71d2993870ad155eab7894,3e1088f1c96e2b55ef9a070866bd1f1e,5,,,2018-07-25 00:00:00,2018-07-27 19:06:19
6d6ee4728f8fa452f57a43b5f7ea9c81,78902e5dd1f843cd182f10992137777b,4,,maravilhosa,2017-03-16 00:00:00,2017-03-16 21:20:55
adff9f727d2aed1d2a12ec375c85074f,42f4c86bcf6208509573ee18d460b636,5,,,2018-05-13 00:00:00,2018-05-17 01:08:29
66bb245009e52c0d8b8c47c7d3e35fd7,cdf1adfa9a3cf815978e278a6f1cd705,2,,,2018-02-10 00:00:00,2018-02-13 00:33:50
11942d283a1ff71bd69512f2a0265d1b,5568db9dd4584b73544e077f55db4d78,1,,,2017-12-13 00:00:00,2017-12-14 15:54:03
274f3b2bd5122c64ff452a8fa0e0ce4e,e9097b40952a79c27bb515bbfd4d488f,5,,Linda bicicleta e tudo certinho e chegou antes do prazo. Super recomendo!!!,2017-10-17 00:00:00,2017-10-17 22:47:42
1d6256c5fdc1e4ce063f5b9871673ffe,0322e0a7d6d283584e3dc181c67b1d12,5,Muito bom,Gostei nada a reclamar ,2018-05-23 00:00:00,2018-05-23 19:15:50
c5ca316ea9fe6437168d736b79090420,e8d058928dd8b2837ef82db983c5f1d7,5,,"O produto chegou direitinho, entrega rápida alem do previsto, parabéns recomendo esse site.",2017-06-02 00:00:00,2017-06-03 02:15:17
a87c19be40ccbb6551217e26332a1bbc,123e27a1a4d0b2481d8618ac3dff7d4e,1,,Fiquei extremamente desapontada. Comprei 2 bonecos pelo site e duas semanas depois a compra cancelada por falta do produto. Perdi a oportunidade de comprar em outra loja e o produto se esgotou.,2016-11-20 00:00:00,2016-11-20 11:35:00
8f83648dd54fc82875673ba6b6458077,30a12d3b9e19a16ac0298cc7bcb5a322,5,,,2017-09-09 00:00:00,2017-09-12 01:47:17
5fb550835bca106f3020f73b24fa28fa,0f0786fde25cb2b2b4cfc59128ef8f83,1,,,2017-07-27 00:00:00,2017-07-28 01:44:04
9905b3f9d173822970cfafc53ea6132e,4ce4fb772277f3a13a61a93b7f19d62e,4,,,2018-06-23 00:00:00,2018-06-25 11:33:39
dc40d01889099a653448674b16fee178,1ba067e676f52a18b8b2fdba56eecae7,5,,,2018-03-27 00:00:00,2018-04-01 23:21:25
85bd66bf9cc8773db545a30b86ccf3f5,4ff26dfe35ac427c553216fc1441218e,3,,,2018-05-05 00:00:00,2018-05-06 11:49:04
63daf6362f0fa7bc7056c74285ddce63,4dfe2ddcd2de2e45fd88e8c6bae55901,5,,,2018-01-11 00:00:00,2018-01-12 00:35:06
7ff7e9bb39614373e2cea2c5d0e1ae8a,74ef6fad7ff108e20c28937b7e1b7c3c,5,,sempre rápidos na entrega,2018-03-30 00:00:00,2018-04-02 12:12:28
f867f4af1f84152501400986c565f012,f3290f4b0c78e37eff2ade0174b0c307,5,,,2017-05-13 00:00:00,2017-05-14 01:14:35
4cdecfadeb3281a671119075a5e644af,59cbe1b4d431c65474bfcd53c3a3b227,5,,,2018-08-01 00:00:00,2018-08-02 02:16:34
3dacf46f5e33b5a04d5f78c1079b6e1c,71ff7ff9c86023f13d546d2e953d531b,4,recomendo,"produto como especificado, chegou dentro do prazo. recomendo.",2018-05-04 00:00:00,2018-05-05 04:29:05
9589c2a7ff1cc908c53eaddc2eb58f8f,0f4100ceeb7e6c856edfbb660c06757d,5,,produto excelente,2017-09-30 00:00:00,2017-10-03 10:53:20
7c19e9501632ca62e3213822dc5e91ec,3d2c6a6debb7264f52777cc9912a3b7c,5,,,2017-08-22 00:00:00,2017-08-23 04:31:49
4330eec4f75576851a3a3c6370ac2070,d08c7396fb82ad39db681f6692a7e112,5,Prazo certo,Chegou no prazo e chegou sem defeitos,2018-07-12 00:00:00,2018-07-12 21:09:50
472304e3b0babda6d8fe75f8c190a5d3,81d4e3ab663ca6c51e659ad5b31457e7,5,,,2017-07-22 00:00:00,2017-07-24 21:56:51
f6d9a06f8379c05a0c61bfcfe650480e,a736c2ffae5f36d767e81dfc44146911,1,,,2017-12-24 00:00:00,2017-12-24 09:05:24
4e6725fb0029833d908a262a29fe8b25,4014ecd96ac1d06f8cca3ac729c389ff,5,,,2018-08-11 00:00:00,2018-08-13 01:22:08
2b66d1b6832831d3a36edf0b1c91a032,432c5d90dae98b9496ac75c5108c530a,5,,Entrega bem antes do prazo e produto impecável!,2018-02-26 00:00:00,2018-03-02 21:52:30
f3878551dad664b367fe4c2f0b058416,54536bfd6c2b325ae1b6c94e14aef912,4,Muito Bom,"Entregue dentro do prazo, produto bem embalado. Recomendo",2018-07-08 00:00:00,2018-07-10 19:32:00
efd1aa8e01b4ddf291264e481d5c1336,7dd324f942802dde96fb63557eb716bb,1,ÓTIMO,,2018-04-28 00:00:00,2018-04-29 15:27:22
c474832c56d583d0fdf22781f822ad3e,64e0ed97e04ee5c08429934ecab18de9,1,,"Produto nao entregue conforme a previsão de entrega. 
Enviado pelos Correios, onde sabemos que o serviço prestado é precário. 
Deveriam reavaliar o tipo de transportadora a enviar. ",2018-03-18 00:00:00,2018-03-18 10:40:25
1d8c8bf681a2bda5503b1460c2275a4d,34688497162fbb53b24e10738f912fa4,1,Cadê meu produto,Porque toda vez que tento rastrear meu produto não é possível ,2018-08-24 00:00:00,2018-08-25 15:09:16
1d6c04fbb760f908024bca9851a0a6cc,1bf38e3450f15beeafbebe6e0665d612,5,,,2018-06-23 00:00:00,2018-06-23 22:34:01
52426af699528b072e609c05f2b252e0,d214b4670d22fbbbce0677ce7e2645ed,4,,,2017-11-14 00:00:00,2017-11-17 09:14:15
c487103af542dc831f15ada65932a02b,2e3258f81be08e497abb202cef0c0303,4,,Produto ainda não instalado!,2018-03-10 00:00:00,2018-03-16 00:31:47
3fdc46613e049a3af2d385951880bb2c,f765267bcbede7982c8ecdbe594fa249,5,,,2017-06-24 00:00:00,2017-06-25 21:00:23
a7e6b9d80d74c573c5429f69bb157e26,8b62c0757b9c458179c29c2ea24c7886,3,,,2017-11-23 00:00:00,2017-11-24 01:54:23
a0714ed43e87e92075ad03bf896c3d36,7cba130d7fd9cbf1fa889eaaf7c89d29,5,,"Os 4 rolos chegaram juntos e 12 dias antes do prazo, numa compra anterior targaryen entregou 3 rolos em datas diferentes. O adesivo é de boa qualidade mas a colocação exige muita habilidade e paciência! ",2017-12-02 00:00:00,2017-12-02 18:09:25
75e5cc93951e236e8462a08d6b470256,b84153f6ef50c6f07d2919e984c1f761,1,,Estou no aguardo ,2018-02-22 00:00:00,2018-02-24 11:26:21
380398111179fe8252c87cb0a03bfc3f,8acc03c83b14de718a6f275727b3001d,5,,,2017-05-30 00:00:00,2017-05-31 10:48:48
d369cb2feb24adca233998445b4b23b0,601aeff176a15b40925c874c87b0cc16,5,,Chegou antes do prazo estipulado. ,2017-08-19 00:00:00,2017-08-19 23:41:08
ea69dce784b643eed4ca346478cbb49b,e7e818ad5eb0eddc4d7fb9bdade265dd,5,Ótimo,Bom,2018-06-21 00:00:00,2018-06-21 10:33:15
d4eb44b95c1aea205c1557fc62cd9e45,34adfe85692f724087a52976282ea92f,4,,,2018-02-27 00:00:00,2018-03-02 09:03:13
a14c3936e17eb1ba49474e1880bc7bfc,e38994925b350c88bd9b885f0b726439,5,,,2017-12-05 00:00:00,2017-12-06 10:08:21
9983b13b1075042219e24083c7398b07,c82ee47a0c061997cf82b995f702fa1e,1,,"O relógio veio com defeito, pulseira quebrada, estou tentando fazer a troca, até o momento sem sucesso",2018-01-23 00:00:00,2018-01-25 11:23:19
a1caeb5086bd42eee3f95aa973cfe06c,eb0fec00c8cee7edcc91a031d939ac1a,5,,Recebi o produto e gostei da qualidade,2017-03-30 00:00:00,2017-03-30 23:16:01
0be6b492b5ba7889a9e5fadcbbb5e159,61224c4690fa8613b56e0469cea9415c,5,,,2017-09-26 00:00:00,2017-09-26 21:49:31
96b865b772077a824d10f17724456947,79617f3124fcf7a760316d99421bd30f,1,,,2018-02-10 00:00:00,2018-02-11 11:36:11
a17490c0a8ee2205c77f4d6425992b82,55826c853b7245fee48da8b2539b6944,3,,recomendo,2017-10-04 00:00:00,2017-10-09 00:49:50
16561345af89c9e66c13a051f4f15d65,00b676b01c289cc661c6f7732492771a,3,,O kit comprado tinha 8 módulos e só vieram 7. Mandei um e mail para o fornecedor e até agora não obtive resposta.,2017-08-16 00:00:00,2017-08-16 17:05:07
d81b2f37aaf6e177b5355e8f667ccf38,1e7e9d16382d754d9c40321ee0b78634,5,,,2017-11-22 00:00:00,2017-11-25 12:01:52
82efb615b6570b0d3babdf7c9d3a6607,b211184b294bc46861ba034d76f2bf79,2,,,2018-03-31 00:00:00,2018-03-31 12:49:12
ab412feb7691084b8557e343ca82940e,6a561b1f3b2ed85c05e55494271c7061,5,,,2017-05-19 00:00:00,2017-05-20 10:09:58
5d4beea8e2c71baee7f55c7ae3ae3313,4f11c536ca6b0a28ea1c7583d6a5df63,1,Insatisfeita,"A cadeira veio com defeito de fabrica, uma solta para encaixar as partes em um lugar totalmente errado. E fora isso um pe veio com um pedacinho quebrado e a capa plastica branca do pistao veio rsagada",2018-06-15 00:00:00,2018-06-15 20:56:46
837cf5e1290bfadeb05f96783f6bb09f,d9334f59be2037102baca42368082bfb,5,,,2017-07-26 00:00:00,2017-07-27 09:03:58
a3025587434e97893702390fc6799ac4,78135b03c6d7a39f10996624b9baf92a,5,Recomendo.,Entrega rápida e embalagem do produto bem cuidada.,2018-05-24 00:00:00,2018-05-25 00:36:22
9bab7509047d0b236205e330172b384d,e78cde66f03731202b0f5e082b0b0cff,1,,Gostaria de saber porque meu produto ainda não chegou na minha residência.e ninguém me deu uma satisfação ou algo do tipo. ,2018-03-29 00:00:00,2018-03-29 22:21:55
6fa6d21db31b98938009e1204da4c636,b65162879a74ce2aeca593f3ca44cc82,5,,,2018-06-09 00:00:00,2018-06-09 22:20:17
c9b98d036008c4acff30e9f81cd639eb,de3bee1ce2ff36750efc09a389ea029e,5,Entrega super Rápida,Super antes do prazo!!!,2018-05-01 00:00:00,2018-05-02 16:07:47
0e7bc73fde6782891898ea71443f9904,bd78f91afbb1ecbc6124974c5e813043,4,👍,Aprovado!,2018-07-04 00:00:00,2018-07-05 00:25:13
